 Fast Ion Conduction Silver Iodide α-Phase                                                       
         2         3      2000    0.5000000000E-02
       20.3420000000        0.0000000000        0.0000000000
        0.0000000000       20.3420000000        0.0000000000
        0.0000000000        0.0000000000       20.3420000000
Ag+              1
    -8.032791708        -5.290297923         6.226406234    
     1.100492069         2.277988963        -2.225956507    
     3786.463847         99.67610830         1011.298639    
Ag+              2
     7.509753400        -2.001812813        -4.918776600    
    -3.890623465        0.8303533562         1.171998225    
    -2701.128971        -744.5654706         6469.278284    
I_-              3
    -10.11617642         9.967279102         9.859607254    
    0.7844282349        -3.959204556         1.692377411    
     6558.183304        -8877.006417         6519.775143    
I_-              4
    -7.555409043        -7.733912796        -7.413952396    
     2.178956969       -0.6712998216        0.8457175796    
    -7011.180781        -2509.288972        -3150.391446    
Ag+              5
    -7.262866135        -9.806032594        -5.037438526    
     2.932371687        0.9814393183        -1.458828264    
    -1309.185935         1134.609855         1888.428874    
Ag+              6
    0.4253457705        -6.642391457        -2.218711450    
    0.2427382208E-01    -2.163316404        0.3590373073    
     259.6753330         2238.699930         718.1305859    
I_-              7
    -5.234828525         10.07378583        -9.847505408    
    -1.240922090         4.134870293        -4.458963728    
    -2665.096337        -7304.945464        -1106.749344    
I_-              8
    -1.967540443        -7.469460866        -7.340566848    
    -2.428395738         3.223583903        -2.309780927    
    -2373.298303        -3955.631963         2840.532334    
Ag+              9
    0.8774715410E-01    -7.528381475         6.822333464    
    -1.516242155        0.8671158817       -0.7467530731    
    -51.42986478        -682.9671908         136.5454245    
Ag+             10
    0.7568030613E-01    -2.703473018        -2.816202742    
    -2.232948884         2.651028144         3.004107413    
    -8843.461427         1985.607633        -2973.717026    
I_-             11
    0.2058585150         9.889232824        -9.389894754    
   -0.4721381412E-01   -0.1224291770        0.6770671543    
     1427.085102         454.7120288        -3684.727021    
I_-             12
     2.967466583        -6.867928138        -7.618749622    
    0.8563958805        0.6940598045         6.212708847    
    -1705.988384        -5310.036831         1430.898346    
Ag+             13
     7.150441998        -4.034583178         4.289769624    
    -5.689485213         2.244480050       -0.2542768298    
     15026.82640         371.8167294         8626.124240    
Ag+             14
     7.773507892        -7.084674466        -5.544363346    
    0.6881233025E-01     3.884591612         1.485681433    
    -3763.866995         534.2723524         2233.880425    
I_-             15
     4.690452928         9.921320626         10.02280822    
     3.457586239        -3.131001073        0.1299058118    
     8162.631707        -4217.408292         5973.373238    
I_-             16
     7.344707854        -7.947641611        -8.308576237    
     2.354650766        -3.406576219        -4.095409745    
     3887.468409        -2397.035939         6564.068448    
Ag+             17
     9.562268710        -7.797241677         4.658995202    
    0.8425167146         1.705652684         2.217063566    
     2248.428669         1456.741890         7139.101326    
Ag+             18
    -9.618476946        -1.272239860        -2.316053535    
    0.3137329423        0.3340121965         1.816799210    
     362.0324830        -768.4326885         39.01774540    
I_-             19
     9.879883210        -4.651843402        -9.630636630    
     3.097644568         1.693008802       -0.7946789988    
     6987.796070        -808.0198940        -3986.760675    
I_-             20
    -7.526536257        -2.828484623        -7.245264725    
     1.832266364        -2.073035849        -2.130237970    
     3274.728264        -2244.908933        -3988.561125    
Ag+             21
    -5.397215232        -4.829994703        -7.483585438    
    -2.651929399        -1.839012845         2.422572426    
    -43.74050739         349.1108853         3835.359927    
Ag+             22
     2.348098712       -0.4085780765        -1.876909012    
    -1.114709890         1.975704837        0.9066579148    
     655.5760618        -2155.387397        -1220.752066    
I_-             23
    -4.935477330        -5.448478044        -9.965839496    
    0.9487614592        -1.780128519         1.303491532    
     700.4362842         9249.771405         2451.097604    
I_-             24
    -2.763993584        -2.811581330        -7.234903432    
    -1.727684253       -0.6307487702         1.524507837    
    -2511.688516        -1995.707492         2148.210269    
Ag+             25
     2.829191211        -4.868694549         9.896816961    
     4.878159837        -1.012927799        0.4738510801    
     1528.203575        -1021.181402         303.9147988    
Ag+             26
     3.412951546         1.654688656        -5.259686748    
    -1.447945953         1.772751129         1.571470356    
     1890.698845         1509.665838         5862.841891    
I_-             27
    0.1162877624        -4.725254381        -9.758496489    
     1.310501998        0.4656109495         1.372222779    
    -1925.518180        -2620.988147        -2761.196418    
I_-             28
     2.950275599        -2.581094828        -7.550174709    
     4.334179661       -0.9429595199E-01    0.5083850524    
    -4002.601312         6758.349882        -1925.727520    
Ag+             29
     5.613317903        -2.032911635         8.595120923    
    -3.707130184         1.385847635        0.8753255247    
    -4103.507142        -1893.441807         2810.410255    
Ag+             30
     7.513188301         2.259613563        -5.059442320    
    0.9883973354        0.3984660136        -1.382877310    
     812.1516974        -11.17134806         1712.996822    
I_-             31
     5.600222145        -4.798264954         10.04437472    
     1.485800942        -2.051569488        -2.294150941    
    -7790.669900         4306.752401         2617.402669    
I_-             32
     7.990771080        -2.062762911        -7.421241467    
     2.178390222       -0.4006291245        -2.124605376    
    -8386.726875        -893.9518614        -5183.169992    
Ag+             33
    -2.665111165         1.145056111        -9.103252440    
   -0.1552879140        0.5257993885         4.164452387    
     1498.541992         597.6393634         106.0257539    
Ag+             34
    -4.912230024         3.126817079        -3.592939650    
    0.4778034829         2.806316578         1.574722903    
    -90.12466421        -2358.086103         2018.313821    
I_-             35
    -9.634666773       -0.1743652958         10.14327919    
     2.902909834         3.305911217         1.331364042    
     274.7663873         29.27870638         454.8075547    
I_-             36
    -7.420870348         1.863847171        -7.092951516    
   -0.4293646880        -1.442308454         1.077656211    
     92.77374348         3405.956123        -2117.807025    
Ag+             37
    -5.541467674       -0.8431131260E-01    -7.210049910    
   -0.8376531273         3.523508441         1.117345865    
     452.1129169        -1662.995769         2876.229577    
Ag+             38
    -2.275319418        0.7313093052        -4.035715991    
    -2.287317992        0.7704808638         3.397639932    
    -913.9339597        -4549.559128        -3805.190406    
I_-             39
    -4.879039482       -0.4106891778        -9.883428773    
    -2.896461580        -2.264476295        -1.263801483    
    -3777.416850         3297.134961         7202.255898    
I_-             40
    -2.320023847         1.989774562        -6.366460064    
     2.598919776        0.8115581595         1.792091417    
    -1575.096322         212.0467859        -9131.625860    
Ag+             41
     2.910088896         6.718937671        -9.933096578    
    -1.489171589         3.545233756        -1.467251004    
    -2569.326107        -2778.934285         1447.549584    
Ag+             42
     1.686856556         5.206661906        -3.069555510    
    -1.709994856       -0.3182476407        -2.924328914    
     3365.086705        -66.88355593         2196.245812    
I_-             43
   -0.2392142591       -0.3536184452        -9.630219556    
    0.5344545992        -1.439867758         1.887762443    
     930.8868965         2412.132508         2260.813489    
I_-             44
     2.464466902         2.403530009        -7.453778583    
     5.355036266       -0.3813682621         3.377516917    
     1562.476198        -6089.169254        -1665.981570    
Ag+             45
    -10.02822504        -1.284425734         7.519257763    
    0.5660529713         2.211878993       -0.8525342010    
     1447.931399        -1364.841175        -1373.946894    
Ag+             46
     5.542199514         7.399232431         9.113783849    
   -0.7460334563       -0.1727368744         3.203566610    
    -104.3318485         409.9280240        -1231.749900    
I_-             47
     4.883075866        0.2923210526         9.903226309    
     2.617960839        0.2094743958        -1.235253807    
     905.5140753        -319.9144443        -8692.648600    
I_-             48
     7.476037787         2.466127148        -7.922522775    
    0.7618309526E-01     1.886475103       -0.1285883115    
     5070.993044        -2293.818398         1869.821559    
Ag+             49
    -10.00120586         8.357925999         7.677281428    
   -0.7285955204         2.746576016         1.691047279    
    -2744.945407        -1189.248434         550.2246580    
Ag+             50
    -2.576063371         6.673359301        -4.810820177    
     1.039719534        -1.729015837         1.125058905    
    -1681.200778        -1055.240151        -2269.281031    
I_-             51
    -9.974148695         4.700087540         9.769942806    
    -2.225626836        -2.398763187         1.117828756    
    -1614.815800        -2488.926168         4227.064518    
I_-             52
    -7.868221835         7.584217905        -7.351165764    
    -4.097291085        -2.065705459       -0.4540891505    
    -625.7908739        -2230.735825        -3160.077306    
Ag+             53
    -3.718673328         9.604767870         7.980744191    
   -0.3611176068         1.544000807       -0.1534874870    
     1143.497566        -1086.237886        -1394.222975    
Ag+             54
     1.144828638        -7.342395205        -5.591970086    
     4.039791299       -0.9247348103        -3.293831274    
     138.3211044         401.3684892         404.4231368    
I_-             55
    -4.676524150         4.832300192        -9.574197147    
     1.229698337       -0.5343353667       -0.4002139275E-01
    -2920.909426        -1804.229233        -2613.032581    
I_-             56
    -2.420913277         7.512635400        -7.633077651    
     2.108054578        -1.864942242        -4.405410523    
    -297.2559170         618.4799032         87.40957114    
Ag+             57
    0.4629070653         4.122864515         7.502477435    
   -0.9380164120         5.301702904         3.990792492    
    -4547.453765         2488.945959         2217.425712    
Ag+             58
     3.834526439        -4.647720923        -6.508882383    
    -2.500491786         1.914153822         3.729264661    
     694.5090556        -3151.114959         601.6429449    
I_-             59
    0.3300764946         4.869612854        -9.911047965    
    0.6411002576        -1.029781132        -1.164537225    
     4049.297985        -1562.442667        -268.3785276    
I_-             60
     2.697136246         7.277667781        -7.256245977    
    0.5008434475       -0.5107855888        -1.542242264    
     2815.700685         1216.127056        -2206.547309    
Ag+             61
     7.428007459         9.804668374        -7.097943962    
    -3.785922475        -1.247937084        0.3202212722    
    -2916.359735        -248.0849959         1822.029851    
Ag+             62
     5.283394217         6.965305578        -3.334438871    
   -0.2028299556E-01   -0.4822597915        0.5322063976    
     2863.655695        -2887.782767        -3772.672167    
I_-             63
     4.806444927         4.753016378         9.917660922    
    0.3112308903        -3.336649601        -3.856530095    
     3321.309228         3172.806371         2958.925829    
I_-             64
     7.227183262         7.092528406        -7.700709530    
   -0.2216516623        0.1274347548        0.7217848383    
     4321.171379         8.493044805        -3261.805890    
Ag+             65
    -9.991928416        -6.379784694        -7.902512298    
    0.5005288344        -1.174040798        -2.941800446    
     837.0404815        -4093.118016         2751.938837    
Ag+             66
    -5.214960472        -7.118360326        -2.478314465    
    0.2203264119         1.263220404         1.309759900    
     59.62958986        -392.3223767         4194.420393    
I_-             67
     9.707610597        -10.16484229        -5.424950900    
    0.1929071953E-01    -1.352436625       -0.2837590396    
    -2665.225617         1452.481489        -6884.101859    
I_-             68
    -8.190773807        -8.086471719        -2.971408298    
    -3.621864995        -2.920209710         2.725311096    
     4392.771509         2943.656959        -8819.193414    
Ag+             69
    -2.750377645        -4.368884084        -4.899897360    
     1.375281996         4.164042392        -1.790514474    
     1977.121453        -565.7760232         325.7727255    
Ag+             70
    -4.788376059        -7.799486351         1.715875315    
     3.208093548         2.847296301         1.662922767    
     3269.133143         4866.130904         59.12247940    
I_-             71
    -4.874694851         9.569990327        -4.927352858    
     2.652990683        0.8773859487         2.716905372    
    -950.8223040         4077.312912        -456.6531180    
I_-             72
    -2.031663543        -7.527471658        -2.662876974    
     1.417394940         2.240478853        -2.050763424    
    -986.9736098        -4110.871732        -1395.682823    
Ag+             73
    -2.536767337        -9.876120117        -9.344008468    
    -2.324186329        -3.972331866         1.923712449    
     1595.506677         799.3276693         1445.002237    
Ag+             74
     3.179329569        -5.687708921         1.033300254    
    0.7829629504        0.7121897887         8.184228255    
    -9365.243885        -2305.321927         4440.343152    
I_-             75
    0.7671070053         10.14615997        -5.127267376    
    -1.416385396         2.415491777        0.9648938966    
    -5224.549728         2144.678732        -1998.468207    
I_-             76
     2.975698839        -7.444932258        -3.206359184    
   -0.6033920908         2.270707867        -5.297763391    
    -7403.766526         2195.837267         1450.320182    
Ag+             77
     3.206325507         9.716746205        -6.049651473    
     1.402220917        0.5373603285        0.5176812074    
     2611.600327        -1075.165651        -291.1237390    
Ag+             78
     9.102193930        -5.161620274        -2.496033613    
    -1.232630008        -1.186808821         2.286984917    
     2056.891502         1935.235403        -3117.195641    
I_-             79
     5.642434695         10.15634388        -4.746769888    
    0.4511389547        -4.113149800         1.701954801    
    -306.9481838         656.4368518        -3859.850936    
I_-             80
     8.021334529        -7.382258447        -2.276706745    
     2.251919952       -0.4580503253        0.7245139566    
     527.5487008        -10639.30588         1592.380630    
Ag+             81
     9.346006066        0.5900379917E-03    -7.258250379    
   -0.5897395049        0.2910660142       -0.5335817095    
     2953.980031         6850.244621        -3308.268286    
Ag+             82
    -7.240142314         3.955166702        0.1148548625    
    0.9619943837         4.694066778         1.128901312    
    -4394.048345        -3108.850857         2120.363592    
I_-             83
     9.698021903        -5.240722798        -5.403617393    
    -4.620194063       -0.4774743990        0.3450566446    
     2866.370988        -7437.087171         1802.935062    
I_-             84
    -7.644246429        -3.549741224        -3.063672829    
    -1.058171424        -1.190105864        -1.354114068    
    -4224.482369         2491.198014         2180.986873    
Ag+             85
    0.4727649797E-01    -3.254303628        -7.701364333    
    -2.859581223        -1.315637293        -1.913936645    
    -1009.283452         990.9019101         4119.544374    
Ag+             86
    -6.717199521       -0.9104505702         1.794119190    
    -3.247927620        -1.363305192        -3.103154992    
    -8219.026508        -198.3720355         10566.81078    
I_-             87
    -5.086866265        -6.185802219        -4.959140610    
    0.1805488316         1.624029321        0.5701490768    
     4115.264286         4635.173565        -1729.451235    
I_-             88
    -2.394700710        -3.307817637        -2.361911562    
     2.182215674        0.8829046193E-01    0.1352397351E-02
    -6037.178527         3724.103371        -5237.351107    
Ag+             89
     4.665270958       -0.8815946189        -8.353596070    
     2.067675917       -0.4509304855E-01    0.4635567701    
     4727.898890        -3731.211861         8909.703913    
Ag+             90
     5.085186846        -2.741593297         1.116596210    
   -0.2234036463        -3.676539439        0.3938859085    
    -3398.157814        -1867.142415        -1963.892770    
I_-             91
    0.2641703816        -4.581075381        -4.942818505    
    0.2418338310        0.1369076925       -0.2604736562    
    -3302.101176        -8384.297067        -8393.455064    
I_-             92
     2.386001806        -3.135370332        -2.352408965    
   -0.8275180500        -1.114621511       -0.4595157146    
     18505.22681         3247.684308         6939.912025    
Ag+             93
    -7.781856310        -5.706075638        -4.955934284    
     2.955057933       -0.7718964975        -2.881213758    
    -155.4991560         906.2490237         2529.795898    
Ag+             94
    -9.790909190         1.212012426         2.202140509    
   -0.7817765504        -1.082772258        0.8144275127    
     1928.431212         1262.325318         5113.803802    
I_-             95
     5.658189246        -4.784112642        -4.759036408    
    -2.058144079        0.9747901613        0.2753731838    
     4846.650620         1018.888963        -3704.227131    
I_-             96
     8.321713994        -2.779624880        -2.047329372    
     1.207835853        -1.045193300        -1.859020291    
    -744.8909715         2771.687303        -172.6876121    
Ag+             97
     8.027040523         4.959012316        -9.461075905    
    -3.318784001        0.8653386843        -4.154546240    
    -2167.708440        -1906.552709        -1130.656109    
Ag+             98
    -8.524590081         7.692218415       -0.3342084791    
    0.2078352150         2.296530040        -1.744733494    
     128.2658931        -1606.541171         4692.780787    
I_-             99
    -10.13726971       -0.2027099185        -4.720634905    
   -0.1437205515        0.5556040726       -0.2217402213    
    -1188.268493        -177.7486592        -1224.686230    
I_-            100
    -7.521155108         2.611630304        -2.148410328    
     2.936878865        -1.176813202        -1.222411301    
     318.4193727        -2313.704404        -5816.357759    
Ag+            101
     1.478052874       -0.3040557380        -7.264740373    
   -0.7258172817         1.597435847        -1.506793815    
    -3088.211033         1008.311541         115.7631429    
Ag+            102
   -0.3217796193         6.037103552         2.404553288    
     3.515311760         1.416417123        -1.933036390    
     2210.260006        -2890.877780         185.3067441    
I_-            103
    -5.219095778       -0.3704289354        -4.521028332    
     2.943560028         1.718868445       -0.7620844847    
     2350.034126         1389.006294         3916.909474    
I_-            104
    -2.370830344         2.604175446        -2.295060740    
     1.549286354       -0.9746318790        -1.405168976    
    -7605.252041        -1230.354265         3830.654401    
Ag+            105
    0.5601316876E-01     2.264640587        -2.340872664    
    -3.215906937       -0.8136264816         5.179418608    
     6279.473290        -1214.235699        -632.0184523    
Ag+            106
     3.675928687         4.410216739         2.485391542    
     3.052130295         1.245414308       -0.2733969345    
    -566.9077323         2570.149933        -2851.427160    
I_-            107
    0.3478431813       -0.3680080263        -4.466041264    
     2.542834378        -2.214355184        0.4393185779    
     736.1668646         3475.017789        -2164.602641    
I_-            108
     2.714831735         2.196872271        -2.331981579    
   -0.8174405799        -4.229591434         2.229948515    
    -2582.800863         1796.797030        -3151.409258    
Ag+            109
     3.252611186         2.449704972         10.11849171    
   -0.6538452601         3.044960689       -0.9554280956    
     632.5723795         2476.137393         1999.764419    
Ag+            110
     5.452071484         2.184641666        -1.725152804    
     1.488339128        -1.056517425       -0.6200995257    
    -3776.596586         1280.135721         345.6512977    
I_-            111
     5.460437581        0.3024830819E-02    -4.861759210    
    0.1392208799         1.609763792         1.252806787    
    -686.8745300         928.5888987        -643.8330711    
I_-            112
     7.985909317         1.868120507        -2.004675097    
    -3.549304453        0.7339977875        0.3082321915    
    -939.5009159         4006.271360         3563.404372    
Ag+            113
    -7.027469609         1.431452979        -9.750667952    
    0.5701023091        -5.488946486         1.481142165    
    -734.1354424         267.1834446         1042.388091    
Ag+            114
    -9.019753012         9.881780309        -7.402123542    
    -3.828119469        -3.065477862       -0.4993757632    
     1365.923151         3378.007906        -4424.409551    
I_-            115
     9.844743781         4.721741079        -5.246598460    
   -0.5427577126        -2.354589211        0.3660373146E-01
     2771.301869         711.8608613        -1089.643120    
I_-            116
    -8.551315554         7.980333800        -2.890003603    
    0.3818522233E-01     2.306657676        0.6729079926    
     6496.006479        -7588.221959        -5554.343861    
Ag+            117
    -5.968556979         7.044318539        -2.915499562    
    0.4556990962         2.784749731        -2.890013027    
     2647.135469         338.6721512        -466.4924776    
Ag+            118
    0.3606336201         7.777257957         5.812336965    
    -1.262959908        -3.691070601        0.6579340973    
     842.0274380        -3580.011215         1034.277692    
I_-            119
    -5.257528194         5.240393076        -5.050642300    
     2.176582983        0.4982706107        -3.136886668    
     889.5647277         940.7918606         3848.234912    
I_-            120
    -2.393532395         7.915219929        -2.397232135    
     1.299156310        0.4419351318        0.7967342179    
     4649.145546        -4193.055105        -2199.444798    
Ag+            121
    0.3854352857         8.847745532        -2.894428711    
    -1.927443296         2.571995118         2.841684103    
    -1083.276084        -114.5817523         1691.757128    
Ag+            122
     5.305232372         7.611348181         1.286272216    
     3.209284769         3.316508366         3.356963663    
     3005.308394        -1864.464050         209.4320380    
I_-            123
   -0.2839247465E-01     5.049603422        -5.000232239    
    -3.759858383         3.058656554        -1.803553428    
    -1121.642858         2645.466484         2547.337013    
I_-            124
     3.086558955         7.988202200        -2.599514772    
    -4.490943423        0.1903104836        -5.110417386    
    -6291.773890        -4489.333729        -3104.659442    
Ag+            125
    0.9101799967E-01     8.152380158        -7.151839102    
    0.3407362751       -0.9444831829       -0.3861176444E-01
     2064.003108         825.7181580        -293.8891967    
Ag+            126
     10.12383308         6.643871892         3.357479011    
    -4.113423539        -2.232705848        0.1358884381    
     3284.174526        -623.3479348        -1705.388470    
I_-            127
     5.098596277         4.548239904        -4.694788543    
    -1.908611162         1.545080265        0.5567982489    
     2216.378745        -1481.867537        -757.7420052    
I_-            128
     7.615765849         7.384253989        -2.296570851    
    0.5636039908        0.6652580335         2.863700845    
     968.9601602         3343.151765         906.0716973    
Ag+            129
    -10.16230693        -10.10140619        -2.865345433    
    0.9619378384       -0.3782838268        -1.712913865    
     2021.641237        -940.5197004         1845.166845    
Ag+            130
    -5.191191768        -8.121464640         5.620995474    
    -4.156613312         1.889935144         1.236251876    
    -3126.465395        -7756.091723        -250.3418102    
I_-            131
    -9.657323933         10.05495504       -0.2557319563E-01
    -1.707963881       -0.3168293900         1.972309577    
    -8451.018548         4567.459820         8216.140634    
I_-            132
    -7.077385409        -8.071485693         3.248880133    
     1.340364415         4.907067810        -1.775298228    
    -2986.103195         535.0185143        -1519.617036    
Ag+            133
    -2.255239416         10.15260353        -1.222530453    
     1.308644939        -1.236086886         4.411128242    
    -1887.785896         4785.491430         2756.311315    
Ag+            134
    -2.272213144         9.595792943         3.921042213    
    0.4108241076         2.391631700         1.951982993    
     128.2646492         8954.687256         6723.823270    
I_-            135
    -5.199793258        -9.330597636       -0.3548314218    
     1.926948188        -2.094185896        -1.253058758    
     1668.689260        -5832.150234        -180.1126882    
I_-            136
    -2.285414794        -8.256007313         2.644791061    
   -0.7842954304        -5.537973739        0.4807173936    
    -764.3119773        -86.04475929        -2013.208206    
Ag+            137
     3.961237587        -9.627424350        -2.307212186    
     3.853464193        -3.784279047        0.3323034817    
     1355.167197        -3367.878932        -1086.665069    
Ag+            138
     2.955646343        -4.066035561         4.846891639    
    0.6929977684         1.862433267         3.933964322    
    -3844.540114        -2539.702467         7534.083637    
I_-            139
    0.4724531660        -9.941601535       -0.5072156969    
    0.1849692418        -1.827757696         1.608158154    
     1026.459678        -3275.947519         163.1781834    
I_-            140
     2.831836669        -7.614083983         2.836695621    
    -2.212212873        -2.312928342       -0.1202009445    
    -2881.095051        -666.4930103        -3554.302112    
Ag+            141
     9.992088002         6.871425866        -7.162640541    
     2.466027829         1.890410488       -0.5160725985E-01
    -3112.893990        -2398.484917         2095.741469    
Ag+            142
    -7.218490348        -5.687860345         2.253886041    
     4.559893906        -1.846743630         1.697010694    
    -1909.363203         6120.173330        -174.1977977    
I_-            143
     5.178612379         10.16293767       -0.6043753454E-01
    -1.066047220        -3.965124240       -0.4298076292    
     2615.069057        -449.0072438         6011.030740    
I_-            144
     7.776960087        -8.199429444         2.916417829    
    -1.150772303        -1.204255767        0.7757461632    
    -2454.309602        -6606.506762        -2552.234775    
Ag+            145
     9.277187906        -3.077734771        0.4477310348    
    0.9664289121       -0.6791422599        0.9313403528    
     3407.900246        -1065.729533         1832.135574    
Ag+            146
    -1.053725625       -0.5853865553         8.167614694    
    -1.562663321        -3.088988352       -0.7463259677    
     627.0244074         3143.997116        -4568.826312    
I_-            147
    -9.943247870        -5.704642193        0.9540158501    
    0.2989794684        0.8881881575        0.4320754096    
     638.5392165         1688.552290        -4975.480219    
I_-            148
    -7.294998600        -3.036470242         3.400324668    
    -1.883651936        -1.839897342        -2.471165773    
     729.9165635        -608.7836209        -4274.878971    
Ag+            149
    -5.276107802        -2.408202273        -2.342591501    
   -0.4368969487        -1.474705793       -0.6641456014    
    -239.4259187         734.3253654         557.7146066    
Ag+            150
    0.4457153373        -3.710240380         8.144438688    
     1.921901770        0.9858285204       -0.4132068161    
    -5016.723348         3400.918329         6142.544289    
I_-            151
    -5.352202225        -5.311062277       -0.3203960986    
    -1.835872121        -2.178481209         2.546606825    
    -1060.083153        -3138.635843         6171.737364    
I_-            152
    -2.636571596        -2.923461941         2.929926842    
    0.1289091541        -1.605355836        0.7285165933    
     2928.770314        -4476.191691        -6400.218130    
Ag+            153
    -3.213581733        -3.761839802       -0.5195278891E-01
     2.364964713         3.005026464        -3.060700521    
     143.9448012         1029.431820         7385.020401    
Ag+            154
     1.758136300         2.149889954         5.035778729    
    0.4589694138         1.573409616        0.6085638920    
    -1619.021816        -671.0686102        -2348.237516    
I_-            155
    0.4561219993        -5.215435138        0.4611424588    
    0.4015758516       -0.3093946813        -2.065926459    
    -1900.091619        -5588.298034         368.5618319    
I_-            156
     2.496376694        -2.572575870         2.932613935    
    -1.067284845         1.318700079        -1.785532451    
     592.8314687         2155.704635        -8892.354536    
Ag+            157
     7.618597380        -6.090656578         1.552079355    
     1.221773338        -1.248637193        -2.080817345    
    -398.9435301         3425.980935        -3776.404553    
Ag+            158
     7.923991848        -4.955426727         9.074348590    
    0.9953999805         4.813772917       -0.5677629508E-01
     1118.667288         1291.225603        -4835.614462    
I_-            159
     5.237250935        -5.124797474       -0.1228433725    
   -0.7779145490E-01    -1.050707013       -0.5150519521    
     6246.738548        -481.6889913        -587.0329523    
I_-            160
     7.335674811        -2.791100877         2.286417434    
    -4.386621555        -2.691067770         2.412021571    
     4536.364589         8228.978661        -6152.414460    
Ag+            161
     8.081604395         3.803053882        0.6400487365    
    -1.670072884       -0.2384522112E-01    -2.383380781    
    -4420.185514        -750.6917832         581.9240717    
Ag+            162
    -4.521907635         4.466921369         2.151108807    
    -2.657593826       -0.1097881732        0.4244672582    
    -560.4566640         109.5298057         3293.718491    
I_-            163
    -9.766465797       -0.5778108474        0.3208830366    
   -0.1574896706E-01     1.877791122        -1.750604752    
     1054.652131        -1308.738411         1115.899361    
I_-            164
    -7.053889900         2.353403680         2.400779543    
     2.299653742        0.6249487336       -0.7908292450    
    -875.0019673         202.7963420        -3065.026262    
Ag+            165
    -2.305286540        0.6525186839        0.3273774005    
     3.443814369        -2.190673714         2.158905104    
    -2269.065766        -1755.829178         2668.905085    
Ag+            166
     2.135950142       -0.4985709083         1.332410942    
   -0.2143212741       -0.3057650483E-01    -1.082052064    
    -3683.759409         899.4260798         412.8255704    
I_-            167
    -5.038032238       -0.7911298983        0.1225640484    
    0.3550065961        -2.323919574       -0.6614763942    
     11207.72392         1528.015450        -13212.18305    
I_-            168
    -2.038908069         2.974769347         2.222949813    
    -2.011484034         2.244928659       -0.7413708323    
    -3926.127008        -1769.693179        -5110.810896    
Ag+            169
     4.637066879        0.5526691240         2.304731797    
   -0.9663513601         2.791610119        -1.578149078    
     2441.338386         3569.664300         7513.823430    
Ag+            170
     8.734833443         5.755961018         6.105959100    
     1.508055949        -2.503440713        -1.923377946    
     324.6591079        -6050.267094        -4737.799491    
I_-            171
   -0.1958969804E-01   -0.6505901023       -0.2859653488    
     3.165631806        0.3703240010       -0.2361187253    
     255.5577825         5462.556143         1799.610880    
I_-            172
     2.432304939         2.083269058         2.268335617    
     2.182500451       -0.2506739906         2.271897154    
    -1127.132011        -1548.183294         1989.720176    
Ag+            173
     4.001744562        -5.116314079        -2.844220338    
    -4.043519780         2.373612525        0.6807608909    
     1853.504248         1785.521549         3607.703273    
Ag+            174
    -7.730077476         4.378662938         8.425698401    
   -0.4830578502        -1.895277115       -0.4331866617E-01
     2142.579239         2728.682641        -709.2129503    
I_-            175
     4.817812385       -0.3392526823       -0.7967460506E-01
    -2.522694384        -1.438848354        -1.334599910    
     1003.801925        -1888.377152        -1285.802369    
I_-            176
     7.548633230         1.739019868         2.822054041    
     2.870365402       -0.9129729426       -0.8228501621    
     1698.513304         61.19110192        -7498.043880    
Ag+            177
     9.651033700         5.650963468        -2.730637407    
    -1.804199227        -5.153665308        -1.173604755    
     195.5793328         229.8970019         1115.685513    
Ag+            178
    -6.538665230         6.814798530         5.205893517    
   -0.8942858230        -2.579786767        -1.256723488    
     447.8733015         474.4964107        -1091.107170    
I_-            179
     10.05871257         5.338002444        0.2377976822    
    -4.096518133        -3.718805029         4.153030770    
     5713.827319        -922.6366238         944.5052887    
I_-            180
    -7.413871449         7.848649909         2.475428329    
    -2.238839612         2.867857484        -3.364442280    
    -1334.090723        -2663.766920        -433.0212429    
Ag+            181
    -2.082023826         4.187134607       -0.3084611389    
   -0.6343269073        -1.095029624        -1.716385290    
     465.5622262         4754.294994         2982.042925    
Ag+            182
    -1.722325237         6.179701393        -10.16073037    
     1.333713001        -2.450954030         1.180653998    
    -7454.363820         2704.263011         2018.618837    
I_-            183
    -5.269532858         5.454152847       -0.4289726741    
     3.470888395        0.6281638455       -0.5949065123    
     4140.566333         2606.586384         432.1913584    
I_-            184
    -2.378353255         7.648131905         2.471638974    
    -2.368440528       -0.9868284955        -1.219778741    
     101.9913591        -6828.709441        -7425.140060    
Ag+            185
     2.135621857         7.904804826       -0.2489570841    
     2.032756327         4.680676300         4.330004495    
    -3037.330893        -308.7904393         7228.672669    
Ag+            186
     4.729902344        -7.839333963         7.158806426    
    -1.199969243       -0.4407657461        0.3658718072    
     3065.169427        -201.3643347        -3009.473120    
I_-            187
    0.5048042164         5.412096510       -0.3348635261    
   -0.3785546436         1.613931216        -1.400991981    
    -2105.085240         31.36407893        -2966.564537    
I_-            188
     2.836637147         7.332580070         2.357437270    
    -1.747240794       -0.2584762632        -1.243045119    
    -2039.104009         5075.293893        -49.65707706    
Ag+            189
     7.321995937        -10.15875354        -1.702363614    
     1.538631411         1.438690357        -2.474980951    
    -766.9741799         167.4922686        -753.3073269    
Ag+            190
    -10.14904625         10.12980437         2.888548293    
   -0.5921713787         2.731299420         1.055391225    
    -541.7029685         241.4699536        -3546.876863    
I_-            191
     5.217703560         4.649047565        0.2226691031    
     1.331764815        0.9860681445       -0.4248204620    
     3938.855036        -16.55513347        -1255.619587    
I_-            192
     7.604828722         7.151482207         3.311239154    
     1.871778740        0.1271683190        0.5557214410E-02
     1120.255252         3079.726427        -5575.852507    
Ag+            193
    -9.152158851        -7.742089716       -0.7576382937    
     1.452266670         4.659337287       -0.2904852226    
    -2289.816202         2388.068627         7380.061331    
Ag+            194
     8.844131482        -8.381470390         9.890959617    
     3.809762244       -0.9799602447        -2.820677589    
    -5475.057719         6797.561926        -3801.592478    
I_-            195
    -9.879587107         9.596540967         5.376199364    
    0.2951341951         1.589654048        -3.363519720    
     765.4699027         2524.565296        -1521.542335    
I_-            196
    -7.744815867        -7.618333623         7.801984049    
     2.456153644         2.508464915        -3.707648484    
     4482.838686        -2843.340196         1892.483229    
Ag+            197
    -5.746790752        -7.770225468        -9.983450008    
     2.553584721        0.2041136386         1.375049754    
    -3755.559133        -2628.155195        -190.5987176    
Ag+            198
    -3.383395432        -8.568911933        -5.200316351    
   -0.1534628299E-01   -0.5257797329        -5.142824715    
     1413.492321         1752.594664        -16.75643905    
I_-            199
    -4.837061833         9.417519753         5.472867778    
    -1.882001671         3.032506839        0.3312393293    
    -781.6051169         6035.438798         103.3079435    
I_-            200
    -2.631242158        -8.239234059         8.679721825    
    0.4279328987E-01   -0.5099142123         1.387535584    
     1565.810000         2310.924686        -4580.215931    
Ag+            201
     2.688754100         9.387434166         8.695233282    
   -0.7250196767        0.8931360568        0.2900277331    
    -8004.515847         13500.21722         1948.547658    
Ag+            202
   -0.4071913507E-01    -7.403067849        -9.054156884    
    0.5050743386        0.6740965942         1.201304390    
     2970.350674        -316.5680552        -3037.818720    
I_-            203
   -0.2312150161        -10.04661232         5.803269992    
    -1.787740631        -1.603630659       -0.8426332357    
     1017.482547        -501.2475556        -1228.661209    
I_-            204
     2.452586085        -7.488113353         8.554800078    
     2.156753383         2.820815255        -1.949950183    
    -908.4962193         1811.854989        -3916.784211    
Ag+            205
     5.140250533        -9.392569468         2.790682809    
   -0.7036005648         1.207583299        -2.106013289    
    -326.0950724         2692.675705         697.8314252    
Ag+            206
     10.12938156        -3.466383373        -7.130255684    
    -1.792794478        0.8591092093E-01    0.3381161756    
     1331.761846         4502.410652        -3346.840675    
I_-            207
     4.797440229        -10.10284069         5.366917743    
     2.207039624        -2.619122581        -2.334008123    
     391.9484584         1239.349042         1270.251136    
I_-            208
     7.601579500        -7.302178756         7.791364242    
    -2.239777754       -0.7922014821       -0.4658640117    
    -842.2212098        -6404.885339        -383.0069079    
Ag+            209
    -4.222689477        -3.215399608         5.049551616    
     1.153435562         1.059005446        0.1359323778    
     625.0603077         5621.556105        -2040.287301    
Ag+            210
    -7.821392284        0.8621543577        -4.486587891    
    -4.073427491        -1.765055824         1.254721186    
     2409.324719         1751.799739         768.1286343    
I_-            211
     9.994368720        -5.227421100         5.271597744    
     2.036224359        -1.945992974       -0.7539740845    
    -4870.039778        -119.5582261        -4374.066394    
I_-            212
    -7.381696895        -3.202835120         7.770367195    
     3.647616165         3.083615261        0.2046017967    
    -1009.983823         5457.296073         4702.331802    
Ag+            213
    -4.028905458        -5.485030074         7.951749995    
    -3.901009052       -0.3415618604         1.811394430    
     2509.701961         403.6366473        -2690.902089    
Ag+            214
    -3.527606529        -2.894682689        -9.839148385    
     4.528617761        -4.199174889        -2.967340145    
     1318.299669        -587.4713956         1189.031517    
I_-            215
    -4.835048196        -5.728549954         5.325924528    
     1.645677548        0.3962424811         1.017962958    
     4150.830143         4566.764715         4892.031539    
I_-            216
    -2.850200947        -2.471714932         8.027349669    
    -1.987890805       -0.3919185727        -1.253547187    
    -958.8784543        -6103.192491        -1305.248199    
Ag+            217
    0.2815681063        -8.005860223         1.245909271    
    -1.601282850         2.161966960         2.941022486    
    -765.6518484         2380.805248         4602.472514    
Ag+            218
     3.296585993       -0.2163101497         7.349562628    
    0.8378081938        0.1929810712        -4.377381368    
    -3864.265231        -111.1885007         2750.529391    
I_-            219
   -0.2463181793        -4.903514795         6.180185613    
    -1.867415920        -1.663304865         2.184220060    
    -516.8937377        -10182.31429        -12726.55170    
I_-            220
     2.715942260        -2.739775446         7.932566079    
     2.165365766         2.690197818        -3.266987928    
     7912.547432         3013.763928         2.522067942    
Ag+            221
     7.880745168        0.4604729453         5.369409796    
     1.667547972       -0.1841389774        -1.006933190    
    -194.4531554         542.8516860        -378.2394725    
Ag+            222
    -7.907309932        -2.408694694        -9.856011179    
    -1.578308665        -4.054320607       -0.6789270794    
    -2838.888216        -1301.345886        -1939.729368    
I_-            223
     5.227869547        -5.054914104         5.088985078    
   -0.5606004679       -0.5073248580         1.114437469    
    -9985.122398        -8205.269032         6362.307384    
I_-            224
     7.798624422        -2.164326033         7.365721373    
   -0.2637199383       -0.4405361266        -1.064776204    
     3389.854636         1512.749122        -3275.280237    
Ag+            225
    -5.768432573        -1.206452222         8.118781332    
    -2.619850373        -1.317088154         3.169481946    
     3170.617039         2656.037538        -5666.051617    
Ag+            226
    -7.633337319         5.031258241        -6.128917292    
     5.686743483         1.162043926         3.375173934    
    -527.1781802        -1676.174347        -586.6925311    
I_-            227
    -9.657179532        0.3459616874         5.118043302    
    0.2092731186       -0.8010774268         3.983511697    
    -757.9128912        -1867.250469         1396.367042    
I_-            228
    -7.124623520         1.830694763         7.999296881    
   -0.9515902848         2.616704618         4.726405918    
     451.1507888         4019.830378         2648.598501    
Ag+            229
    -2.395758039         2.169923674         4.954696161    
     3.329633775        0.8111012419       -0.8436238480E-01
    -1244.058975        -2425.298252        -424.8936843    
Ag+            230
    -3.676743900         4.696273275         7.326921479    
    -2.658534858       -0.1829624060        -5.136807116    
    -2357.161357         5078.833833         2408.700145    
I_-            231
    -4.300672581       -0.1114534301         5.116282169    
    -2.391256697       -0.7898612445         1.977304475    
    -4709.022849         4674.015247         1649.025862    
I_-            232
    -2.279742712         2.698464819         7.704567790    
    -1.398319227         1.707485699         1.560023734    
     5372.147201        -6406.689310         4063.963894    
Ag+            233
   -0.1439099018        -3.676086942         2.770744457    
     3.796214532        0.6942867837         1.487593590    
     736.6275514         89.55779687         525.5314605    
Ag+            234
     5.937741076         4.398448710        -7.449558944    
    -2.355692679        0.4401037966       -0.9645381290    
    -5848.538657         5165.060489         2220.353270    
I_-            235
    0.2486254471       -0.2703530716E-03     5.596855891    
     1.046087626         2.624230881         1.196924655    
    -4257.456556        -2685.752361        -2052.390413    
I_-            236
     2.225638176         2.311911220         7.702282400    
    -3.896631991       -0.6252164456        0.5430352706    
     4910.909786         2384.308035         447.4470465    
Ag+            237
     7.723848884       -0.1545740190        0.2266712373    
    -3.405057981        0.5070322805       -0.6225974991    
     509.1883996         414.2377236        -1640.282743    
Ag+            238
     10.16094437         2.309356693         8.246897837    
    -1.716788923        0.2375028772        0.8811836274    
     401.8307062        -1320.907213         1289.244855    
I_-            239
     4.646696123        0.2196388040         5.275096674    
     1.627278784        -1.107874284        0.7537588031    
     5227.984158        -540.2755982        -4540.278506    
I_-            240
     7.796124946         2.566722375         7.180543244    
    -3.382150264        -4.392086805         2.098134226    
    -2513.907260         910.3992084        -441.9214157    
Ag+            241
    -7.198462993         2.158935585         5.472125821    
    -1.155759752         1.555100351        -2.915619647    
     305.7655748        -148.9680987        -9075.420539    
Ag+            242
    -7.622304413         9.690417786         8.878159464    
    -1.701525442        0.9136455367       -0.8637525696    
     1235.305707         986.4497589        -1293.132579    
I_-            243
    -9.126738798         4.840822664         5.080308519    
     3.447345245       -0.8049769356       -0.7506558050    
    -4691.784595        -287.9512826         245.4827308    
I_-            244
    -7.443359904         6.959969273         7.851728345    
    -2.321261472        -3.071900787        -1.471972120    
     3255.793055         7354.102490         2578.340414    
Ag+            245
    -6.065053191         10.12597612         2.302701632    
     2.793124222       -0.1886783548E-01   -0.4309809956    
     1044.702735        -6392.646265        -1551.773235    
Ag+            246
    -5.340580255         7.455142493        -8.657900316    
   -0.7139766233        -2.428896090        -3.102302845    
     1745.213938        -1890.318018         1588.717089    
I_-            247
    -4.738668218         4.673953589         5.050110681    
     2.531842286        0.8415317247        -2.071593028    
    -3613.153273         389.0698407        -4637.593391    
I_-            248
    -2.555219087         7.098196916         7.843689310    
    -1.301404542       -0.6380040509         2.580614252    
     3389.583396         2615.888751         3277.210154    
Ag+            249
     4.916666059         2.738954540         6.231701301    
    -3.184484824        0.4274783709       -0.2328943616    
     2792.167310         478.6794749         3048.656762    
Ag+            250
    0.9041464437E-01     3.556309218        -7.275618449    
     1.096867122         2.713515001         3.787027518    
    -2377.245256         2236.427339        -13.02215959    
I_-            251
    0.1939847848         5.081072846         5.017670423    
     1.972216556       -0.2165288778         1.883981369    
     1171.946884         1061.176233        -211.9480877    
I_-            252
     2.792126265         7.389803421         7.428046349    
    0.4459650437        0.4414207155        0.9926460518    
    -4164.523881        -10090.90876        -3009.879274    
Ag+            253
     4.175098989         7.725046193         4.933527618    
    0.1449902809        0.3505756488       -0.3658937903    
     955.2091429        -3120.762664         724.2901434    
Ag+            254
     4.822001047        -7.898928446        -9.570595458    
    -1.197666239       -0.2473580494        -5.439654522    
    -257.3483306         3188.399884         737.1445533    
I_-            255
     4.755036952         4.872525614         4.778521771    
    -1.157947599       -0.3568655168         1.118536083    
    -761.7804012        -3769.221919         4239.847808    
I_-            256
     7.610108164         7.441004214         7.536230128    
    -1.359644572       -0.5474745892        0.1500600823    
    -481.6645821         1320.031750         6989.786663    
