Carbon Nanotube    16  x   12
         0         0        624
C_R              1         6
  6.1406367662479520  0.0000000000000000 -12.857500000000000
C_R              2         6
  5.6732086249227770  2.3499199546150320 -12.857500000000000
C_R              3         6
  4.3420858982173600  4.3420858982173590 -12.857500000000000
C_R              4         6
  2.3499199546150322  5.6732086249227770 -12.857500000000000
C_R              5         6
  3.760055580256E-16  6.1406367662479520 -12.857500000000000
C_R              6         6
 -2.3499199546150313  5.6732086249227770 -12.857500000000000
C_R              7         6
 -4.3420858982173590  4.3420858982173600 -12.857500000000000
C_R              8         6
 -5.6732086249227770  2.3499199546150322 -12.857500000000000
C_R              9         6
 -6.1406367662479520  7.520111160512E-16 -12.857500000000000
C_R             10         6
 -5.6732086249227780 -2.3499199546150310 -12.857500000000000
C_R             11         6
 -4.3420858982173600 -4.3420858982173590 -12.857500000000000
C_R             12         6
 -2.3499199546150353 -5.6732086249227760 -12.857500000000000
C_R             13         6
 -1.128016674076E-15 -6.1406367662479520 -12.857500000000000
C_R             14         6
  2.3499199546150330 -5.6732086249227760 -12.857500000000000
C_R             15         6
  4.3420858982173580 -4.3420858982173600 -12.857500000000000
C_R             16         6
  5.6732086249227760 -2.3499199546150353 -12.857500000000000
C_R             17         6
  6.0226461526388840  1.1979788041113895 -12.162500000000000
C_R             18         6
  5.1057528713229400  3.4115549991131110 -12.162500000000000
C_R             19         6
  3.4115549991131116  5.1057528713229400 -12.162500000000000
C_R             20         6
  1.1979788041113900  6.0226461526388840 -12.162500000000000
C_R             21         6
 -1.1979788041113890  6.0226461526388840 -12.162500000000000
C_R             22         6
 -3.4115549991131098  5.1057528713229410 -12.162500000000000
C_R             23         6
 -5.1057528713229410  3.4115549991131110 -12.162500000000000
C_R             24         6
 -6.0226461526388840  1.1979788041113917 -12.162500000000000
C_R             25         6
 -6.0226461526388840 -1.1979788041113901 -12.162500000000000
C_R             26         6
 -5.1057528713229410 -3.4115549991131098 -12.162500000000000
C_R             27         6
 -3.4115549991131110 -5.1057528713229400 -12.162500000000000
C_R             28         6
 -1.1979788041113920 -6.0226461526388830 -12.162500000000000
C_R             29         6
  1.1979788041113897 -6.0226461526388840 -12.162500000000000
C_R             30         6
  3.4115549991131138 -5.1057528713229380 -12.162500000000000
C_R             31         6
  5.1057528713229400 -3.4115549991131110 -12.162500000000000
C_R             32         6
  6.0226461526388830 -1.1979788041113923 -12.162500000000000
C_R             33         6
  6.0226461526388840  1.1979788041113895 -10.772499999999999
C_R             34         6
  5.1057528713229400  3.4115549991131110 -10.772499999999999
C_R             35         6
  3.4115549991131116  5.1057528713229400 -10.772499999999999
C_R             36         6
  1.1979788041113900  6.0226461526388840 -10.772499999999999
C_R             37         6
 -1.1979788041113890  6.0226461526388840 -10.772499999999999
C_R             38         6
 -3.4115549991131098  5.1057528713229410 -10.772499999999999
C_R             39         6
 -5.1057528713229410  3.4115549991131110 -10.772499999999999
C_R             40         6
 -6.0226461526388840  1.1979788041113917 -10.772499999999999
C_R             41         6
 -6.0226461526388840 -1.1979788041113901 -10.772499999999999
C_R             42         6
 -5.1057528713229410 -3.4115549991131098 -10.772499999999999
C_R             43         6
 -3.4115549991131110 -5.1057528713229400 -10.772499999999999
C_R             44         6
 -1.1979788041113920 -6.0226461526388830 -10.772499999999999
C_R             45         6
  1.1979788041113897 -6.0226461526388840 -10.772499999999999
C_R             46         6
  3.4115549991131138 -5.1057528713229380 -10.772499999999999
C_R             47         6
  5.1057528713229400 -3.4115549991131110 -10.772499999999999
C_R             48         6
  6.0226461526388830 -1.1979788041113923 -10.772499999999999
C_R             49         6
  5.6732086249227770  2.3499199546150320 -10.077499999999999
C_R             50         6
  4.3420858982173600  4.3420858982173590 -10.077499999999999
C_R             51         6
  2.3499199546150322  5.6732086249227770 -10.077499999999999
C_R             52         6
  3.760055580256E-16  6.1406367662479520 -10.077499999999999
C_R             53         6
 -2.3499199546150313  5.6732086249227770 -10.077499999999999
C_R             54         6
 -4.3420858982173590  4.3420858982173600 -10.077499999999999
C_R             55         6
 -5.6732086249227770  2.3499199546150322 -10.077499999999999
C_R             56         6
 -6.1406367662479520  7.520111160512E-16 -10.077499999999999
C_R             57         6
 -5.6732086249227780 -2.3499199546150310 -10.077499999999999
C_R             58         6
 -4.3420858982173600 -4.3420858982173590 -10.077499999999999
C_R             59         6
 -2.3499199546150353 -5.6732086249227760 -10.077499999999999
C_R             60         6
 -1.128016674076E-15 -6.1406367662479520 -10.077499999999999
C_R             61         6
  2.3499199546150330 -5.6732086249227760 -10.077499999999999
C_R             62         6
  4.3420858982173630 -4.3420858982173565 -10.077499999999999
C_R             63         6
  5.6732086249227760 -2.3499199546150353 -10.077499999999999
C_R             64         6
  6.1406367662479520 -1.504022232102E-15 -10.077499999999999
C_R             65         6
  5.6732086249227770  2.3499199546150320 -8.6874999999999980
C_R             66         6
  4.3420858982173600  4.3420858982173590 -8.6874999999999980
C_R             67         6
  2.3499199546150322  5.6732086249227770 -8.6874999999999980
C_R             68         6
  3.760055580256E-16  6.1406367662479520 -8.6874999999999980
C_R             69         6
 -2.3499199546150313  5.6732086249227770 -8.6874999999999980
C_R             70         6
 -4.3420858982173590  4.3420858982173600 -8.6874999999999980
C_R             71         6
 -5.6732086249227770  2.3499199546150322 -8.6874999999999980
C_R             72         6
 -6.1406367662479520  7.520111160512E-16 -8.6874999999999980
C_R             73         6
 -5.6732086249227780 -2.3499199546150310 -8.6874999999999980
C_R             74         6
 -4.3420858982173600 -4.3420858982173590 -8.6874999999999980
C_R             75         6
 -2.3499199546150353 -5.6732086249227760 -8.6874999999999980
C_R             76         6
 -1.128016674076E-15 -6.1406367662479520 -8.6874999999999980
C_R             77         6
  2.3499199546150330 -5.6732086249227760 -8.6874999999999980
C_R             78         6
  4.3420858982173630 -4.3420858982173565 -8.6874999999999980
C_R             79         6
  5.6732086249227760 -2.3499199546150353 -8.6874999999999980
C_R             80         6
  6.1406367662479520 -1.504022232102E-15 -8.6874999999999980
C_R             81         6
  5.1057528713229400  3.4115549991131110 -7.9924999999999980
C_R             82         6
  3.4115549991131116  5.1057528713229400 -7.9924999999999980
C_R             83         6
  1.1979788041113900  6.0226461526388840 -7.9924999999999980
C_R             84         6
 -1.1979788041113890  6.0226461526388840 -7.9924999999999980
C_R             85         6
 -3.4115549991131098  5.1057528713229410 -7.9924999999999980
C_R             86         6
 -5.1057528713229410  3.4115549991131110 -7.9924999999999980
C_R             87         6
 -6.0226461526388840  1.1979788041113917 -7.9924999999999980
C_R             88         6
 -6.0226461526388840 -1.1979788041113901 -7.9924999999999980
C_R             89         6
 -5.1057528713229410 -3.4115549991131098 -7.9924999999999980
C_R             90         6
 -3.4115549991131110 -5.1057528713229400 -7.9924999999999980
C_R             91         6
 -1.1979788041113920 -6.0226461526388830 -7.9924999999999980
C_R             92         6
  1.1979788041113844 -6.0226461526388855 -7.9924999999999980
C_R             93         6
  3.4115549991131090 -5.1057528713229410 -7.9924999999999980
C_R             94         6
  5.1057528713229400 -3.4115549991131110 -7.9924999999999980
C_R             95         6
  6.0226461526388830 -1.1979788041113923 -7.9924999999999980
C_R             96         6
  6.0226461526388855  1.1979788041113840 -7.9924999999999980
C_R             97         6
  5.1057528713229400  3.4115549991131110 -6.6024999999999980
C_R             98         6
  3.4115549991131116  5.1057528713229400 -6.6024999999999980
C_R             99         6
  1.1979788041113900  6.0226461526388840 -6.6024999999999980
C_R            100         6
 -1.1979788041113890  6.0226461526388840 -6.6024999999999980
C_R            101         6
 -3.4115549991131098  5.1057528713229410 -6.6024999999999980
C_R            102         6
 -5.1057528713229410  3.4115549991131110 -6.6024999999999980
C_R            103         6
 -6.0226461526388840  1.1979788041113917 -6.6024999999999980
C_R            104         6
 -6.0226461526388840 -1.1979788041113901 -6.6024999999999980
C_R            105         6
 -5.1057528713229410 -3.4115549991131098 -6.6024999999999980
C_R            106         6
 -3.4115549991131110 -5.1057528713229400 -6.6024999999999980
C_R            107         6
 -1.1979788041113920 -6.0226461526388830 -6.6024999999999980
C_R            108         6
  1.1979788041113844 -6.0226461526388855 -6.6024999999999980
C_R            109         6
  3.4115549991131090 -5.1057528713229410 -6.6024999999999980
C_R            110         6
  5.1057528713229400 -3.4115549991131110 -6.6024999999999980
C_R            111         6
  6.0226461526388830 -1.1979788041113923 -6.6024999999999980
C_R            112         6
  6.0226461526388855  1.1979788041113840 -6.6024999999999980
C_R            113         6
  4.3420858982173600  4.3420858982173590 -5.9074999999999980
C_R            114         6
  2.3499199546150322  5.6732086249227770 -5.9074999999999980
C_R            115         6
  3.760055580256E-16  6.1406367662479520 -5.9074999999999980
C_R            116         6
 -2.3499199546150313  5.6732086249227770 -5.9074999999999980
C_R            117         6
 -4.3420858982173590  4.3420858982173600 -5.9074999999999980
C_R            118         6
 -5.6732086249227770  2.3499199546150322 -5.9074999999999980
C_R            119         6
 -6.1406367662479520  7.520111160512E-16 -5.9074999999999980
C_R            120         6
 -5.6732086249227780 -2.3499199546150310 -5.9074999999999980
C_R            121         6
 -4.3420858982173600 -4.3420858982173590 -5.9074999999999980
C_R            122         6
 -2.3499199546150353 -5.6732086249227760 -5.9074999999999980
C_R            123         6
 -1.128016674076E-15 -6.1406367662479520 -5.9074999999999980
C_R            124         6
  2.3499199546150282 -5.6732086249227790 -5.9074999999999980
C_R            125         6
  4.3420858982173580 -4.3420858982173600 -5.9074999999999980
C_R            126         6
  5.6732086249227780 -2.3499199546150304 -5.9074999999999980
C_R            127         6
  6.1406367662479520 -1.504022232102E-15 -5.9074999999999980
C_R            128         6
  5.6732086249227790  2.3499199546150280 -5.9074999999999980
C_R            129         6
  4.3420858982173600  4.3420858982173590 -4.5174999999999980
C_R            130         6
  2.3499199546150322  5.6732086249227770 -4.5174999999999980
C_R            131         6
  3.760055580256E-16  6.1406367662479520 -4.5174999999999980
C_R            132         6
 -2.3499199546150313  5.6732086249227770 -4.5174999999999980
C_R            133         6
 -4.3420858982173590  4.3420858982173600 -4.5174999999999980
C_R            134         6
 -5.6732086249227770  2.3499199546150322 -4.5174999999999980
C_R            135         6
 -6.1406367662479520  7.520111160512E-16 -4.5174999999999980
C_R            136         6
 -5.6732086249227780 -2.3499199546150310 -4.5174999999999980
C_R            137         6
 -4.3420858982173600 -4.3420858982173590 -4.5174999999999980
C_R            138         6
 -2.3499199546150353 -5.6732086249227760 -4.5174999999999980
C_R            139         6
 -1.128016674076E-15 -6.1406367662479520 -4.5174999999999980
C_R            140         6
  2.3499199546150282 -5.6732086249227790 -4.5174999999999980
C_R            141         6
  4.3420858982173580 -4.3420858982173600 -4.5174999999999980
C_R            142         6
  5.6732086249227780 -2.3499199546150304 -4.5174999999999980
C_R            143         6
  6.1406367662479520 -1.504022232102E-15 -4.5174999999999980
C_R            144         6
  5.6732086249227790  2.3499199546150280 -4.5174999999999980
C_R            145         6
  3.4115549991131116  5.1057528713229400 -3.8224999999999985
C_R            146         6
  1.1979788041113900  6.0226461526388840 -3.8224999999999985
C_R            147         6
 -1.1979788041113890  6.0226461526388840 -3.8224999999999985
C_R            148         6
 -3.4115549991131098  5.1057528713229410 -3.8224999999999985
C_R            149         6
 -5.1057528713229410  3.4115549991131110 -3.8224999999999985
C_R            150         6
 -6.0226461526388840  1.1979788041113917 -3.8224999999999985
C_R            151         6
 -6.0226461526388840 -1.1979788041113901 -3.8224999999999985
C_R            152         6
 -5.1057528713229410 -3.4115549991131098 -3.8224999999999985
C_R            153         6
 -3.4115549991131110 -5.1057528713229400 -3.8224999999999985
C_R            154         6
 -1.1979788041113920 -6.0226461526388830 -3.8224999999999985
C_R            155         6
  1.1979788041113897 -6.0226461526388840 -3.8224999999999985
C_R            156         6
  3.4115549991131090 -5.1057528713229410 -3.8224999999999985
C_R            157         6
  5.1057528713229400 -3.4115549991131110 -3.8224999999999985
C_R            158         6
  6.0226461526388850 -1.1979788041113870 -3.8224999999999985
C_R            159         6
  6.0226461526388840  1.1979788041113895 -3.8224999999999985
C_R            160         6
  5.1057528713229420  3.4115549991131090 -3.8224999999999985
C_R            161         6
  3.4115549991131116  5.1057528713229400 -2.4324999999999983
C_R            162         6
  1.1979788041113900  6.0226461526388840 -2.4324999999999983
C_R            163         6
 -1.1979788041113890  6.0226461526388840 -2.4324999999999983
C_R            164         6
 -3.4115549991131098  5.1057528713229410 -2.4324999999999983
C_R            165         6
 -5.1057528713229410  3.4115549991131110 -2.4324999999999983
C_R            166         6
 -6.0226461526388840  1.1979788041113917 -2.4324999999999983
C_R            167         6
 -6.0226461526388840 -1.1979788041113901 -2.4324999999999983
C_R            168         6
 -5.1057528713229410 -3.4115549991131098 -2.4324999999999983
C_R            169         6
 -3.4115549991131110 -5.1057528713229400 -2.4324999999999983
C_R            170         6
 -1.1979788041113920 -6.0226461526388830 -2.4324999999999983
C_R            171         6
  1.1979788041113897 -6.0226461526388840 -2.4324999999999983
C_R            172         6
  3.4115549991131090 -5.1057528713229410 -2.4324999999999983
C_R            173         6
  5.1057528713229400 -3.4115549991131110 -2.4324999999999983
C_R            174         6
  6.0226461526388850 -1.1979788041113870 -2.4324999999999983
C_R            175         6
  6.0226461526388840  1.1979788041113895 -2.4324999999999983
C_R            176         6
  5.1057528713229420  3.4115549991131090 -2.4324999999999983
C_R            177         6
  2.3499199546150322  5.6732086249227770 -1.7374999999999985
C_R            178         6
  3.760055580256E-16  6.1406367662479520 -1.7374999999999985
C_R            179         6
 -2.3499199546150313  5.6732086249227770 -1.7374999999999985
C_R            180         6
 -4.3420858982173590  4.3420858982173600 -1.7374999999999985
C_R            181         6
 -5.6732086249227770  2.3499199546150322 -1.7374999999999985
C_R            182         6
 -6.1406367662479520  7.520111160512E-16 -1.7374999999999985
C_R            183         6
 -5.6732086249227780 -2.3499199546150310 -1.7374999999999985
C_R            184         6
 -4.3420858982173600 -4.3420858982173590 -1.7374999999999985
C_R            185         6
 -2.3499199546150353 -5.6732086249227760 -1.7374999999999985
C_R            186         6
 -1.128016674076E-15 -6.1406367662479520 -1.7374999999999985
C_R            187         6
  2.3499199546150330 -5.6732086249227760 -1.7374999999999985
C_R            188         6
  4.3420858982173550 -4.3420858982173645 -1.7374999999999985
C_R            189         6
  5.6732086249227760 -2.3499199546150353 -1.7374999999999985
C_R            190         6
  6.1406367662479520 -1.504022232102E-15 -1.7374999999999985
C_R            191         6
  5.6732086249227770  2.3499199546150327 -1.7374999999999985
C_R            192         6
  4.3420858982173645  4.3420858982173540 -1.7374999999999985
C_R            193         6
  2.3499199546150322  5.6732086249227770 -0.3474999999999986
C_R            194         6
  3.760055580256E-16  6.1406367662479520 -0.3474999999999986
C_R            195         6
 -2.3499199546150313  5.6732086249227770 -0.3474999999999986
C_R            196         6
 -4.3420858982173590  4.3420858982173600 -0.3474999999999986
C_R            197         6
 -5.6732086249227770  2.3499199546150322 -0.3474999999999986
C_R            198         6
 -6.1406367662479520  7.520111160512E-16 -0.3474999999999986
C_R            199         6
 -5.6732086249227780 -2.3499199546150310 -0.3474999999999986
C_R            200         6
 -4.3420858982173600 -4.3420858982173590 -0.3474999999999986
C_R            201         6
 -2.3499199546150353 -5.6732086249227760 -0.3474999999999986
C_R            202         6
 -1.128016674076E-15 -6.1406367662479520 -0.3474999999999986
C_R            203         6
  2.3499199546150330 -5.6732086249227760 -0.3474999999999986
C_R            204         6
  4.3420858982173550 -4.3420858982173645 -0.3474999999999986
C_R            205         6
  5.6732086249227760 -2.3499199546150353 -0.3474999999999986
C_R            206         6
  6.1406367662479520 -1.504022232102E-15 -0.3474999999999986
C_R            207         6
  5.6732086249227770  2.3499199546150327 -0.3474999999999986
C_R            208         6
  4.3420858982173645  4.3420858982173540 -0.3474999999999986
C_R            209         6
  1.1979788041113900  6.0226461526388840  0.3475000000000013
C_R            210         6
 -1.1979788041113890  6.0226461526388840  0.3475000000000013
C_R            211         6
 -3.4115549991131098  5.1057528713229410  0.3475000000000013
C_R            212         6
 -5.1057528713229410  3.4115549991131110  0.3475000000000013
C_R            213         6
 -6.0226461526388840  1.1979788041113917  0.3475000000000013
C_R            214         6
 -6.0226461526388840 -1.1979788041113901  0.3475000000000013
C_R            215         6
 -5.1057528713229410 -3.4115549991131098  0.3475000000000013
C_R            216         6
 -3.4115549991131110 -5.1057528713229400  0.3475000000000013
C_R            217         6
 -1.1979788041113920 -6.0226461526388830  0.3475000000000013
C_R            218         6
  1.1979788041113897 -6.0226461526388840  0.3475000000000013
C_R            219         6
  3.4115549991131090 -5.1057528713229410  0.3475000000000013
C_R            220         6
  5.1057528713229360 -3.4115549991131160  0.3475000000000013
C_R            221         6
  6.0226461526388830 -1.1979788041113923  0.3475000000000013
C_R            222         6
  6.0226461526388840  1.1979788041113895  0.3475000000000013
C_R            223         6
  5.1057528713229420  3.4115549991131090  0.3475000000000013
C_R            224         6
  3.4115549991131164  5.1057528713229360  0.3475000000000013
C_R            225         6
  1.1979788041113900  6.0226461526388840  1.7375000000000012
C_R            226         6
 -1.1979788041113890  6.0226461526388840  1.7375000000000012
C_R            227         6
 -3.4115549991131098  5.1057528713229410  1.7375000000000012
C_R            228         6
 -5.1057528713229410  3.4115549991131110  1.7375000000000012
C_R            229         6
 -6.0226461526388840  1.1979788041113917  1.7375000000000012
C_R            230         6
 -6.0226461526388840 -1.1979788041113901  1.7375000000000012
C_R            231         6
 -5.1057528713229410 -3.4115549991131098  1.7375000000000012
C_R            232         6
 -3.4115549991131110 -5.1057528713229400  1.7375000000000012
C_R            233         6
 -1.1979788041113920 -6.0226461526388830  1.7375000000000012
C_R            234         6
  1.1979788041113897 -6.0226461526388840  1.7375000000000012
C_R            235         6
  3.4115549991131090 -5.1057528713229410  1.7375000000000012
C_R            236         6
  5.1057528713229360 -3.4115549991131160  1.7375000000000012
C_R            237         6
  6.0226461526388830 -1.1979788041113923  1.7375000000000012
C_R            238         6
  6.0226461526388840  1.1979788041113895  1.7375000000000012
C_R            239         6
  5.1057528713229420  3.4115549991131090  1.7375000000000012
C_R            240         6
  3.4115549991131164  5.1057528713229360  1.7375000000000012
C_R            241         6
  3.760055580256E-16  6.1406367662479520  2.4325000000000010
C_R            242         6
 -2.3499199546150313  5.6732086249227770  2.4325000000000010
C_R            243         6
 -4.3420858982173590  4.3420858982173600  2.4325000000000010
C_R            244         6
 -5.6732086249227770  2.3499199546150322  2.4325000000000010
C_R            245         6
 -6.1406367662479520  7.520111160512E-16  2.4325000000000010
C_R            246         6
 -5.6732086249227780 -2.3499199546150310  2.4325000000000010
C_R            247         6
 -4.3420858982173600 -4.3420858982173590  2.4325000000000010
C_R            248         6
 -2.3499199546150353 -5.6732086249227760  2.4325000000000010
C_R            249         6
 -1.128016674076E-15 -6.1406367662479520  2.4325000000000010
C_R            250         6
  2.3499199546150330 -5.6732086249227760  2.4325000000000010
C_R            251         6
  4.3420858982173580 -4.3420858982173600  2.4325000000000010
C_R            252         6
  5.6732086249227760 -2.3499199546150353  2.4325000000000010
C_R            253         6
  6.1406367662479520 -1.504022232102E-15  2.4325000000000010
C_R            254         6
  5.6732086249227770  2.3499199546150327  2.4325000000000010
C_R            255         6
  4.3420858982173600  4.3420858982173580  2.4325000000000010
C_R            256         6
  2.3499199546150358  5.6732086249227760  2.4325000000000010
C_R            257         6
  3.760055580256E-16  6.1406367662479520  3.8225000000000007
C_R            258         6
 -2.3499199546150313  5.6732086249227770  3.8225000000000007
C_R            259         6
 -4.3420858982173590  4.3420858982173600  3.8225000000000007
C_R            260         6
 -5.6732086249227770  2.3499199546150322  3.8225000000000007
C_R            261         6
 -6.1406367662479520  7.520111160512E-16  3.8225000000000007
C_R            262         6
 -5.6732086249227780 -2.3499199546150310  3.8225000000000007
C_R            263         6
 -4.3420858982173600 -4.3420858982173590  3.8225000000000007
C_R            264         6
 -2.3499199546150353 -5.6732086249227760  3.8225000000000007
C_R            265         6
 -1.128016674076E-15 -6.1406367662479520  3.8225000000000007
C_R            266         6
  2.3499199546150330 -5.6732086249227760  3.8225000000000007
C_R            267         6
  4.3420858982173580 -4.3420858982173600  3.8225000000000007
C_R            268         6
  5.6732086249227760 -2.3499199546150353  3.8225000000000007
C_R            269         6
  6.1406367662479520 -1.504022232102E-15  3.8225000000000007
C_R            270         6
  5.6732086249227770  2.3499199546150327  3.8225000000000007
C_R            271         6
  4.3420858982173600  4.3420858982173580  3.8225000000000007
C_R            272         6
  2.3499199546150358  5.6732086249227760  3.8225000000000007
C_R            273         6
 -1.1979788041113890  6.0226461526388840  4.5175000000000010
C_R            274         6
 -3.4115549991131098  5.1057528713229410  4.5175000000000010
C_R            275         6
 -5.1057528713229410  3.4115549991131110  4.5175000000000010
C_R            276         6
 -6.0226461526388840  1.1979788041113917  4.5175000000000010
C_R            277         6
 -6.0226461526388840 -1.1979788041113901  4.5175000000000010
C_R            278         6
 -5.1057528713229410 -3.4115549991131098  4.5175000000000010
C_R            279         6
 -3.4115549991131110 -5.1057528713229400  4.5175000000000010
C_R            280         6
 -1.1979788041113920 -6.0226461526388830  4.5175000000000010
C_R            281         6
  1.1979788041113897 -6.0226461526388840  4.5175000000000010
C_R            282         6
  3.4115549991131090 -5.1057528713229410  4.5175000000000010
C_R            283         6
  5.1057528713229400 -3.4115549991131110  4.5175000000000010
C_R            284         6
  6.0226461526388830 -1.1979788041113923  4.5175000000000010
C_R            285         6
  6.0226461526388840  1.1979788041113895  4.5175000000000010
C_R            286         6
  5.1057528713229380  3.4115549991131130  4.5175000000000010
C_R            287         6
  3.4115549991131116  5.1057528713229400  4.5175000000000010
C_R            288         6
  1.1979788041113926  6.0226461526388830  4.5175000000000010
C_R            289         6
 -1.1979788041113890  6.0226461526388840  5.9075000000000010
C_R            290         6
 -3.4115549991131098  5.1057528713229410  5.9075000000000010
C_R            291         6
 -5.1057528713229410  3.4115549991131110  5.9075000000000010
C_R            292         6
 -6.0226461526388840  1.1979788041113917  5.9075000000000010
C_R            293         6
 -6.0226461526388840 -1.1979788041113901  5.9075000000000010
C_R            294         6
 -5.1057528713229410 -3.4115549991131098  5.9075000000000010
C_R            295         6
 -3.4115549991131110 -5.1057528713229400  5.9075000000000010
C_R            296         6
 -1.1979788041113920 -6.0226461526388830  5.9075000000000010
C_R            297         6
  1.1979788041113897 -6.0226461526388840  5.9075000000000010
C_R            298         6
  3.4115549991131090 -5.1057528713229410  5.9075000000000010
C_R            299         6
  5.1057528713229400 -3.4115549991131110  5.9075000000000010
C_R            300         6
  6.0226461526388830 -1.1979788041113923  5.9075000000000010
C_R            301         6
  6.0226461526388840  1.1979788041113895  5.9075000000000010
C_R            302         6
  5.1057528713229380  3.4115549991131130  5.9075000000000010
C_R            303         6
  3.4115549991131116  5.1057528713229400  5.9075000000000010
C_R            304         6
  1.1979788041113926  6.0226461526388830  5.9075000000000010
C_R            305         6
 -2.3499199546150313  5.6732086249227770  6.6025000000000010
C_R            306         6
 -4.3420858982173590  4.3420858982173600  6.6025000000000010
C_R            307         6
 -5.6732086249227770  2.3499199546150322  6.6025000000000010
C_R            308         6
 -6.1406367662479520  7.520111160512E-16  6.6025000000000010
C_R            309         6
 -5.6732086249227780 -2.3499199546150310  6.6025000000000010
C_R            310         6
 -4.3420858982173600 -4.3420858982173590  6.6025000000000010
C_R            311         6
 -2.3499199546150353 -5.6732086249227760  6.6025000000000010
C_R            312         6
 -1.128016674076E-15 -6.1406367662479520  6.6025000000000010
C_R            313         6
  2.3499199546150330 -5.6732086249227760  6.6025000000000010
C_R            314         6
  4.3420858982173580 -4.3420858982173600  6.6025000000000010
C_R            315         6
  5.6732086249227760 -2.3499199546150353  6.6025000000000010
C_R            316         6
  6.1406367662479520 -1.504022232102E-15  6.6025000000000010
C_R            317         6
  5.6732086249227770  2.3499199546150327  6.6025000000000010
C_R            318         6
  4.3420858982173570  4.3420858982173630  6.6025000000000010
C_R            319         6
  2.3499199546150358  5.6732086249227760  6.6025000000000010
C_R            320         6
  1.880027790128E-15  6.1406367662479520  6.6025000000000010
C_R            321         6
 -2.3499199546150313  5.6732086249227770  7.9925000000000010
C_R            322         6
 -4.3420858982173590  4.3420858982173600  7.9925000000000010
C_R            323         6
 -5.6732086249227770  2.3499199546150322  7.9925000000000010
C_R            324         6
 -6.1406367662479520  7.520111160512E-16  7.9925000000000010
C_R            325         6
 -5.6732086249227780 -2.3499199546150310  7.9925000000000010
C_R            326         6
 -4.3420858982173600 -4.3420858982173590  7.9925000000000010
C_R            327         6
 -2.3499199546150353 -5.6732086249227760  7.9925000000000010
C_R            328         6
 -1.128016674076E-15 -6.1406367662479520  7.9925000000000010
C_R            329         6
  2.3499199546150330 -5.6732086249227760  7.9925000000000010
C_R            330         6
  4.3420858982173580 -4.3420858982173600  7.9925000000000010
C_R            331         6
  5.6732086249227760 -2.3499199546150353  7.9925000000000010
C_R            332         6
  6.1406367662479520 -1.504022232102E-15  7.9925000000000010
C_R            333         6
  5.6732086249227770  2.3499199546150327  7.9925000000000010
C_R            334         6
  4.3420858982173570  4.3420858982173630  7.9925000000000010
C_R            335         6
  2.3499199546150358  5.6732086249227760  7.9925000000000010
C_R            336         6
  1.880027790128E-15  6.1406367662479520  7.9925000000000010
C_R            337         6
 -3.4115549991131098  5.1057528713229410  8.6875000000000000
C_R            338         6
 -5.1057528713229380  3.4115549991131130  8.6875000000000000
C_R            339         6
 -6.0226461526388840  1.1979788041113917  8.6875000000000000
C_R            340         6
 -6.0226461526388850 -1.1979788041113872  8.6875000000000000
C_R            341         6
 -5.1057528713229410 -3.4115549991131098  8.6875000000000000
C_R            342         6
 -3.4115549991131110 -5.1057528713229400  8.6875000000000000
C_R            343         6
 -1.1979788041113920 -6.0226461526388830  8.6875000000000000
C_R            344         6
  1.1979788041113844 -6.0226461526388855  8.6875000000000000
C_R            345         6
  3.4115549991131090 -5.1057528713229410  8.6875000000000000
C_R            346         6
  5.1057528713229400 -3.4115549991131110  8.6875000000000000
C_R            347         6
  6.0226461526388830 -1.1979788041113923  8.6875000000000000
C_R            348         6
  6.0226461526388855  1.1979788041113840  8.6875000000000000
C_R            349         6
  5.1057528713229420  3.4115549991131090  8.6875000000000000
C_R            350         6
  3.4115549991131116  5.1057528713229400  8.6875000000000000
C_R            351         6
  1.1979788041113926  6.0226461526388830  8.6875000000000000
C_R            352         6
 -1.1979788041113837  6.0226461526388855  8.6875000000000000
C_R            353         6
 -3.4115549991131098  5.1057528713229410  10.077500000000000
C_R            354         6
 -5.1057528713229380  3.4115549991131130  10.077500000000000
C_R            355         6
 -6.0226461526388840  1.1979788041113917  10.077500000000000
C_R            356         6
 -6.0226461526388850 -1.1979788041113872  10.077500000000000
C_R            357         6
 -5.1057528713229410 -3.4115549991131098  10.077500000000000
C_R            358         6
 -3.4115549991131110 -5.1057528713229400  10.077500000000000
C_R            359         6
 -1.1979788041113920 -6.0226461526388830  10.077500000000000
C_R            360         6
  1.1979788041113844 -6.0226461526388855  10.077500000000000
C_R            361         6
  3.4115549991131090 -5.1057528713229410  10.077500000000000
C_R            362         6
  5.1057528713229400 -3.4115549991131110  10.077500000000000
C_R            363         6
  6.0226461526388830 -1.1979788041113923  10.077500000000000
C_R            364         6
  6.0226461526388855  1.1979788041113840  10.077500000000000
C_R            365         6
  5.1057528713229420  3.4115549991131090  10.077500000000000
C_R            366         6
  3.4115549991131116  5.1057528713229400  10.077500000000000
C_R            367         6
  1.1979788041113926  6.0226461526388830  10.077500000000000
C_R            368         6
 -1.1979788041113837  6.0226461526388855  10.077500000000000
C_R            369         6
 -4.3420858982173590  4.3420858982173600  10.772500000000000
C_R            370         6
 -5.6732086249227770  2.3499199546150322  10.772500000000000
C_R            371         6
 -6.1406367662479520  7.520111160512E-16  10.772500000000000
C_R            372         6
 -5.6732086249227780 -2.3499199546150310  10.772500000000000
C_R            373         6
 -4.3420858982173600 -4.3420858982173590  10.772500000000000
C_R            374         6
 -2.3499199546150353 -5.6732086249227760  10.772500000000000
C_R            375         6
 -1.128016674076E-15 -6.1406367662479520  10.772500000000000
C_R            376         6
  2.3499199546150330 -5.6732086249227760  10.772500000000000
C_R            377         6
  4.3420858982173580 -4.3420858982173600  10.772500000000000
C_R            378         6
  5.6732086249227760 -2.3499199546150353  10.772500000000000
C_R            379         6
  6.1406367662479520 -1.504022232102E-15  10.772500000000000
C_R            380         6
  5.6732086249227790  2.3499199546150280  10.772500000000000
C_R            381         6
  4.3420858982173600  4.3420858982173580  10.772500000000000
C_R            382         6
  2.3499199546150310  5.6732086249227780  10.772500000000000
C_R            383         6
  1.880027790128E-15  6.1406367662479520  10.772500000000000
C_R            384         6
 -2.3499199546150322  5.6732086249227770  10.772500000000000
C_R            385         6
 -4.3420858982173590  4.3420858982173600  12.162500000000001
C_R            386         6
 -5.6732086249227770  2.3499199546150322  12.162500000000001
C_R            387         6
 -6.1406367662479520  7.520111160512E-16  12.162500000000001
C_R            388         6
 -5.6732086249227780 -2.3499199546150310  12.162500000000001
C_R            389         6
 -4.3420858982173600 -4.3420858982173590  12.162500000000001
C_R            390         6
 -2.3499199546150353 -5.6732086249227760  12.162500000000001
C_R            391         6
 -1.128016674076E-15 -6.1406367662479520  12.162500000000001
C_R            392         6
  2.3499199546150330 -5.6732086249227760  12.162500000000001
C_R            393         6
  4.3420858982173580 -4.3420858982173600  12.162500000000001
C_R            394         6
  5.6732086249227760 -2.3499199546150353  12.162500000000001
C_R            395         6
  6.1406367662479520 -1.504022232102E-15  12.162500000000001
C_R            396         6
  5.6732086249227790  2.3499199546150280  12.162500000000001
C_R            397         6
  4.3420858982173600  4.3420858982173580  12.162500000000001
C_R            398         6
  2.3499199546150310  5.6732086249227780  12.162500000000001
C_R            399         6
  1.880027790128E-15  6.1406367662479520  12.162500000000001
C_R            400         6
 -2.3499199546150322  5.6732086249227770  12.162500000000001
C_R            401         6
 -5.1057528713229410  3.4115549991131110  12.857500000000002
C_R            402         6
 -6.0226461526388840  1.1979788041113888  12.857500000000002
C_R            403         6
 -6.0226461526388840 -1.1979788041113901  12.857500000000002
C_R            404         6
 -5.1057528713229400 -3.4115549991131116  12.857500000000002
C_R            405         6
 -3.4115549991131110 -5.1057528713229400  12.857500000000002
C_R            406         6
 -1.1979788041113866 -6.0226461526388850  12.857500000000002
C_R            407         6
  1.1979788041113897 -6.0226461526388840  12.857500000000002
C_R            408         6
  3.4115549991131090 -5.1057528713229410  12.857500000000002
C_R            409         6
  5.1057528713229400 -3.4115549991131110  12.857500000000002
C_R            410         6
  6.0226461526388850 -1.1979788041113870  12.857500000000002
C_R            411         6
  6.0226461526388840  1.1979788041113895  12.857500000000002
C_R            412         6
  5.1057528713229420  3.4115549991131090  12.857500000000002
C_R            413         6
  3.4115549991131116  5.1057528713229400  12.857500000000002
C_R            414         6
  1.1979788041113872  6.0226461526388850  12.857500000000002
C_R            415         6
 -1.1979788041113943  6.0226461526388830  12.857500000000002
C_R            416         6
 -3.4115549991131084  5.1057528713229420  12.857500000000002
C_R            417         6
  3.3011504364565702  0.0000000000000000 -4.4344322709163530
C_R            418         6
  2.3975237931675526  2.1815476975500228 -4.4344322709163530
C_R            419         6
  0.2159760956175301  3.0851743408390410 -4.4344322709163530
C_R            420         6
 -1.9655716019324931  2.1815476975500230 -4.4344322709163530
C_R            421         6
 -2.8691982452215115  3.778248881319E-16 -4.4344322709163530
C_R            422         6
 -1.9655716019324940 -2.1815476975500228 -4.4344322709163530
C_R            423         6
  0.2159760956175293 -3.0851743408390410 -4.4344322709163530
C_R            424         6
  2.3975237931675513 -2.1815476975500236 -4.4344322709163530
C_R            425         6
  3.0663055233477200  1.1806451061969878 -3.7394322709163523
C_R            426         6
  1.3966212018145179  2.8503294277301907 -3.7394322709163523
C_R            427         6
 -0.9646690105794575  2.8503294277301907 -3.7394322709163523
C_R            428         6
 -2.6343533321126613  1.1806451061969878 -3.7394322709163523
C_R            429         6
 -2.6343533321126618 -1.1806451061969874 -3.7394322709163523
C_R            430         6
 -0.9646690105794591 -2.8503294277301900 -3.7394322709163523
C_R            431         6
  1.3966212018145185 -2.8503294277301900 -3.7394322709163523
C_R            432         6
  3.0663055233477190 -1.1806451061969896 -3.7394322709163523
C_R            433         6
  3.0663055233477200  1.1806451061969878 -2.3494322709163480
C_R            434         6
  1.3966212018145179  2.8503294277301907 -2.3494322709163480
C_R            435         6
 -0.9646690105794575  2.8503294277301907 -2.3494322709163480
C_R            436         6
 -2.6343533321126613  1.1806451061969878 -2.3494322709163480
C_R            437         6
 -2.6343533321126618 -1.1806451061969874 -2.3494322709163480
C_R            438         6
 -0.9646690105794591 -2.8503294277301900 -2.3494322709163480
C_R            439         6
  1.3966212018145185 -2.8503294277301900 -2.3494322709163480
C_R            440         6
  3.0663055233477190 -1.1806451061969896 -2.3494322709163480
C_R            441         6
  2.3975237931675526  2.1815476975500228 -1.6544322709163486
C_R            442         6
  0.2159760956175301  3.0851743408390410 -1.6544322709163486
C_R            443         6
 -1.9655716019324931  2.1815476975500230 -1.6544322709163486
C_R            444         6
 -2.8691982452215115  3.778248881319E-16 -1.6544322709163486
C_R            445         6
 -1.9655716019324940 -2.1815476975500228 -1.6544322709163486
C_R            446         6
  0.2159760956175293 -3.0851743408390410 -1.6544322709163486
C_R            447         6
  2.3975237931675513 -2.1815476975500236 -1.6544322709163486
C_R            448         6
  3.3011504364565702 -7.556497762639E-16 -1.6544322709163486
C_R            449         6
  2.3975237931675526  2.1815476975500228 -0.2644322709163456
C_R            450         6
  0.2159760956175301  3.0851743408390410 -0.2644322709163456
C_R            451         6
 -1.9655716019324931  2.1815476975500230 -0.2644322709163456
C_R            452         6
 -2.8691982452215115  3.778248881319E-16 -0.2644322709163456
C_R            453         6
 -1.9655716019324940 -2.1815476975500228 -0.2644322709163456
C_R            454         6
  0.2159760956175293 -3.0851743408390410 -0.2644322709163456
C_R            455         6
  2.3975237931675513 -2.1815476975500236 -0.2644322709163456
C_R            456         6
  3.3011504364565702 -7.556497762639E-16 -0.2644322709163456
C_R            457         6
  1.3966212018145179  2.8503294277301907  0.4305677290836582
C_R            458         6
 -0.9646690105794575  2.8503294277301907  0.4305677290836582
C_R            459         6
 -2.6343533321126613  1.1806451061969878  0.4305677290836582
C_R            460         6
 -2.6343533321126618 -1.1806451061969874  0.4305677290836582
C_R            461         6
 -0.9646690105794591 -2.8503294277301900  0.4305677290836582
C_R            462         6
  1.3966212018145185 -2.8503294277301900  0.4305677290836582
C_R            463         6
  3.0663055233477190 -1.1806451061969896  0.4305677290836582
C_R            464         6
  3.0663055233477200  1.1806451061969883  0.4305677290836582
C_R            465         6
  1.3966212018145179  2.8503294277301907  1.8205677290836606
C_R            466         6
 -0.9646690105794575  2.8503294277301907  1.8205677290836606
C_R            467         6
 -2.6343533321126613  1.1806451061969878  1.8205677290836606
C_R            468         6
 -2.6343533321126618 -1.1806451061969874  1.8205677290836606
C_R            469         6
 -0.9646690105794591 -2.8503294277301900  1.8205677290836606
C_R            470         6
  1.3966212018145185 -2.8503294277301900  1.8205677290836606
C_R            471         6
  3.0663055233477190 -1.1806451061969896  1.8205677290836606
C_R            472         6
  3.0663055233477200  1.1806451061969883  1.8205677290836606
C_R            473         6
  0.2159760956175301  3.0851743408390410  2.5155677290836618
C_R            474         6
 -1.9655716019324931  2.1815476975500230  2.5155677290836618
C_R            475         6
 -2.8691982452215115  3.778248881319E-16  2.5155677290836618
C_R            476         6
 -1.9655716019324940 -2.1815476975500228  2.5155677290836618
C_R            477         6
  0.2159760956175293 -3.0851743408390410  2.5155677290836618
C_R            478         6
  2.3975237931675513 -2.1815476975500236  2.5155677290836618
C_R            479         6
  3.3011504364565702 -7.556497762639E-16  2.5155677290836618
C_R            480         6
  2.3975237931675530  2.1815476975500220  2.5155677290836618
C_R            481         6
  0.2159760956175301  3.0851743408390410  3.9055677290836646
C_R            482         6
 -1.9655716019324931  2.1815476975500230  3.9055677290836646
C_R            483         6
 -2.8691982452215115  3.778248881319E-16  3.9055677290836646
C_R            484         6
 -1.9655716019324940 -2.1815476975500228  3.9055677290836646
C_R            485         6
  0.2159760956175293 -3.0851743408390410  3.9055677290836646
C_R            486         6
  2.3975237931675513 -2.1815476975500236  3.9055677290836646
C_R            487         6
  3.3011504364565702 -7.556497762639E-16  3.9055677290836646
C_R            488         6
  2.3975237931675530  2.1815476975500220  3.9055677290836646
C_R            489         6
 -0.9646690105794575  2.8503294277301907  4.6005677290836630
C_R            490         6
 -2.6343533321126613  1.1806451061969878  4.6005677290836630
C_R            491         6
 -2.6343533321126618 -1.1806451061969874  4.6005677290836630
C_R            492         6
 -0.9646690105794591 -2.8503294277301900  4.6005677290836630
C_R            493         6
  1.3966212018145185 -2.8503294277301900  4.6005677290836630
C_R            494         6
  3.0663055233477190 -1.1806451061969896  4.6005677290836630
C_R            495         6
  3.0663055233477200  1.1806451061969883  4.6005677290836630
C_R            496         6
  1.3966212018145199  2.8503294277301900  4.6005677290836630
C_R            497         6
 -0.9646690105794575  2.8503294277301907  5.9905677290836610
C_R            498         6
 -2.6343533321126613  1.1806451061969878  5.9905677290836610
C_R            499         6
 -2.6343533321126618 -1.1806451061969874  5.9905677290836610
C_R            500         6
 -0.9646690105794591 -2.8503294277301900  5.9905677290836610
C_R            501         6
  1.3966212018145185 -2.8503294277301900  5.9905677290836610
C_R            502         6
  3.0663055233477190 -1.1806451061969896  5.9905677290836610
C_R            503         6
  3.0663055233477200  1.1806451061969883  5.9905677290836610
C_R            504         6
  1.3966212018145199  2.8503294277301900  5.9905677290836610
C_R            505         6
 -1.9655716019324931  2.1815476975500230  6.6855677290836590
C_R            506         6
 -2.8691982452215115  3.778248881319E-16  6.6855677290836590
C_R            507         6
 -1.9655716019324940 -2.1815476975500228  6.6855677290836590
C_R            508         6
  0.2159760956175293 -3.0851743408390410  6.6855677290836590
C_R            509         6
  2.3975237931675513 -2.1815476975500236  6.6855677290836590
C_R            510         6
  3.3011504364565702 -7.556497762639E-16  6.6855677290836590
C_R            511         6
  2.3975237931675530  2.1815476975500220  6.6855677290836590
C_R            512         6
  0.2159760956175308  3.0851743408390410  6.6855677290836590
C_R            513         6
 -1.9655716019324931  2.1815476975500230  8.0755677290836570
C_R            514         6
 -2.8691982452215115  3.778248881319E-16  8.0755677290836570
C_R            515         6
 -1.9655716019324940 -2.1815476975500228  8.0755677290836570
C_R            516         6
  0.2159760956175293 -3.0851743408390410  8.0755677290836570
C_R            517         6
  2.3975237931675513 -2.1815476975500236  8.0755677290836570
C_R            518         6
  3.3011504364565702 -7.556497762639E-16  8.0755677290836570
C_R            519         6
  2.3975237931675530  2.1815476975500220  8.0755677290836570
C_R            520         6
  0.2159760956175308  3.0851743408390410  8.0755677290836570
C_R            521         6
 -2.6343533321126613  1.1806451061969878  8.7705677290836550
C_R            522         6
 -2.6343533321126618 -1.1806451061969874  8.7705677290836550
C_R            523         6
 -0.9646690105794591 -2.8503294277301900  8.7705677290836550
C_R            524         6
  1.3966212018145185 -2.8503294277301900  8.7705677290836550
C_R            525         6
  3.0663055233477190 -1.1806451061969896  8.7705677290836550
C_R            526         6
  3.0663055233477200  1.1806451061969883  8.7705677290836550
C_R            527         6
  1.3966212018145199  2.8503294277301900  8.7705677290836550
C_R            528         6
 -0.9646690105794578  2.8503294277301907  8.7705677290836550
C_R            529         6
 -2.6343533321126613  1.1806451061969878  10.160567729083652
C_R            530         6
 -2.6343533321126618 -1.1806451061969874  10.160567729083652
C_R            531         6
 -0.9646690105794591 -2.8503294277301900  10.160567729083652
C_R            532         6
  1.3966212018145185 -2.8503294277301900  10.160567729083652
C_R            533         6
  3.0663055233477190 -1.1806451061969896  10.160567729083652
C_R            534         6
  3.0663055233477200  1.1806451061969883  10.160567729083652
C_R            535         6
  1.3966212018145199  2.8503294277301900  10.160567729083652
C_R            536         6
 -0.9646690105794578  2.8503294277301907  10.160567729083652
C_R            537         6
 -2.8691982452215115  3.778248881319E-16  10.855567729083651
C_R            538         6
 -1.9655716019324940 -2.1815476975500228  10.855567729083651
C_R            539         6
  0.2159760956175293 -3.0851743408390410  10.855567729083651
C_R            540         6
  2.3975237931675513 -2.1815476975500236  10.855567729083651
C_R            541         6
  3.3011504364565702 -7.556497762639E-16  10.855567729083651
C_R            542         6
  2.3975237931675530  2.1815476975500220  10.855567729083651
C_R            543         6
  0.2159760956175308  3.0851743408390410  10.855567729083651
C_R            544         6
 -1.9655716019324910  2.1815476975500250  10.855567729083651
C_R            545         6
 -2.8691982452215115  3.778248881319E-16  12.245567729083648
C_R            546         6
 -1.9655716019324940 -2.1815476975500228  12.245567729083648
C_R            547         6
  0.2159760956175293 -3.0851743408390410  12.245567729083648
C_R            548         6
  2.3975237931675513 -2.1815476975500236  12.245567729083648
C_R            549         6
  3.3011504364565702 -7.556497762639E-16  12.245567729083648
C_R            550         6
  2.3975237931675530  2.1815476975500220  12.245567729083648
C_R            551         6
  0.2159760956175308  3.0851743408390410  12.245567729083648
C_R            552         6
 -1.9655716019324910  2.1815476975500250  12.245567729083648
C_R            553         6
 -2.6343533321126618 -1.1806451061969874  12.940567729083648
C_R            554         6
 -0.9646690105794591 -2.8503294277301900  12.940567729083648
C_R            555         6
  1.3966212018145185 -2.8503294277301900  12.940567729083648
C_R            556         6
  3.0663055233477190 -1.1806451061969896  12.940567729083648
C_R            557         6
  3.0663055233477200  1.1806451061969883  12.940567729083648
C_R            558         6
  1.3966212018145199  2.8503294277301900  12.940567729083648
C_R            559         6
 -0.9646690105794578  2.8503294277301907  12.940567729083648
C_R            560         6
 -2.6343533321126604  1.1806451061969900  12.940567729083648
C_R            561         6
 -2.6343533321126618 -1.1806451061969874  14.330567729083647
C_R            562         6
 -0.9646690105794591 -2.8503294277301900  14.330567729083647
C_R            563         6
  1.3966212018145185 -2.8503294277301900  14.330567729083647
C_R            564         6
  3.0663055233477190 -1.1806451061969896  14.330567729083647
C_R            565         6
  3.0663055233477200  1.1806451061969883  14.330567729083647
C_R            566         6
  1.3966212018145199  2.8503294277301900  14.330567729083647
C_R            567         6
 -0.9646690105794578  2.8503294277301907  14.330567729083647
C_R            568         6
 -2.6343533321126604  1.1806451061969900  14.330567729083647
C_R            569         6
 -1.9655716019324940 -2.1815476975500228  15.025567729083650
C_R            570         6
  0.2159760956175293 -3.0851743408390410  15.025567729083650
C_R            571         6
  2.3975237931675513 -2.1815476975500236  15.025567729083650
C_R            572         6
  3.3011504364565702 -7.556497762639E-16  15.025567729083650
C_R            573         6
  2.3975237931675530  2.1815476975500220  15.025567729083650
C_R            574         6
  0.2159760956175308  3.0851743408390410  15.025567729083650
C_R            575         6
 -1.9655716019324910  2.1815476975500250  15.025567729083650
C_R            576         6
 -2.8691982452215115  1.133474664396E-15  15.025567729083650
C_R            577         6
 -1.9655716019324940 -2.1815476975500228  16.415567729083660
C_R            578         6
  0.2159760956175293 -3.0851743408390410  16.415567729083660
C_R            579         6
  2.3975237931675513 -2.1815476975500236  16.415567729083660
C_R            580         6
  3.3011504364565702 -7.556497762639E-16  16.415567729083660
C_R            581         6
  2.3975237931675530  2.1815476975500220  16.415567729083660
C_R            582         6
  0.2159760956175308  3.0851743408390410  16.415567729083660
C_R            583         6
 -1.9655716019324910  2.1815476975500250  16.415567729083660
C_R            584         6
 -2.8691982452215115  1.133474664396E-15  16.415567729083660
C_R            585         6
 -0.9646690105794591 -2.8503294277301900  17.110567729083670
C_R            586         6
  1.3966212018145157 -2.8503294277301910  17.110567729083670
C_R            587         6
  3.0663055233477190 -1.1806451061969896  17.110567729083670
C_R            588         6
  3.0663055233477206  1.1806451061969854  17.110567729083670
C_R            589         6
  1.3966212018145199  2.8503294277301900  17.110567729083670
C_R            590         6
 -0.9646690105794578  2.8503294277301907  17.110567729083670
C_R            591         6
 -2.6343533321126604  1.1806451061969900  17.110567729083670
C_R            592         6
 -2.6343533321126635 -1.1806451061969825  17.110567729083670
C_R            593         6
 -0.9646690105794591 -2.8503294277301900  18.500567729083695
C_R            594         6
  1.3966212018145157 -2.8503294277301910  18.500567729083695
C_R            595         6
  3.0663055233477190 -1.1806451061969896  18.500567729083695
C_R            596         6
  3.0663055233477206  1.1806451061969854  18.500567729083695
C_R            597         6
  1.3966212018145199  2.8503294277301900  18.500567729083695
C_R            598         6
 -0.9646690105794578  2.8503294277301907  18.500567729083695
C_R            599         6
 -2.6343533321126604  1.1806451061969900  18.500567729083695
C_R            600         6
 -2.6343533321126635 -1.1806451061969825  18.500567729083695
C_R            601         6
  0.2159760956175293 -3.0851743408390410  19.195567729083702
C_R            602         6
  2.3975237931675513 -2.1815476975500236  19.195567729083702
C_R            603         6
  3.3011504364565702 -7.556497762639E-16  19.195567729083702
C_R            604         6
  2.3975237931675530  2.1815476975500220  19.195567729083702
C_R            605         6
  0.2159760956175308  3.0851743408390410  19.195567729083702
C_R            606         6
 -1.9655716019324910  2.1815476975500250  19.195567729083702
C_R            607         6
 -2.8691982452215115  1.133474664396E-15  19.195567729083702
C_R            608         6
 -1.9655716019324923 -2.1815476975500236  19.195567729083702
C_R            609         6
  0.2159760956175293 -3.0851743408390410  20.585567729083730
C_R            610         6
  2.3975237931675513 -2.1815476975500236  20.585567729083730
C_R            611         6
  3.3011504364565702 -7.556497762639E-16  20.585567729083730
C_R            612         6
  2.3975237931675530  2.1815476975500220  20.585567729083730
C_R            613         6
  0.2159760956175308  3.0851743408390410  20.585567729083730
C_R            614         6
 -1.9655716019324910  2.1815476975500250  20.585567729083730
C_R            615         6
 -2.8691982452215115  1.133474664396E-15  20.585567729083730
C_R            616         6
 -1.9655716019324923 -2.1815476975500236  20.585567729083730
C_R            617         6
  1.3966212018145185 -2.8503294277301900  21.280567729083750
C_R            618         6
  3.0663055233477206 -1.1806451061969870  21.280567729083750
C_R            619         6
  3.0663055233477200  1.1806451061969883  21.280567729083750
C_R            620         6
  1.3966212018145170  2.8503294277301910  21.280567729083750
C_R            621         6
 -0.9646690105794578  2.8503294277301907  21.280567729083750
C_R            622         6
 -2.6343533321126620  1.1806451061969847  21.280567729083750
C_R            623         6
 -2.6343533321126613 -1.1806451061969878  21.280567729083750
C_R            624         6
 -0.9646690105794600 -2.8503294277301900  21.280567729083750
