Potassium Chloride Phase Transition                                           
         0         3      216 
       18.6960000000        0.0000000000        0.0000000000
        0.0000000000       18.6960000000        0.0000000000
        0.0000000000        0.0000000000       18.6960000000
K+               1
    -7.608595309        -7.897790000        -7.892053559    
K+               2
    -4.678562643        -4.509858530        -7.813252872    
K+               3
    -7.821414265        -4.635443539        -4.732164540    
K+               4
    -4.577735234        -7.808222424        -4.540282303    
Cl-              5
    -7.810782981        -4.845250366        -7.815286768    
Cl-              6
    -4.678039981        -7.803198944        -7.914051671    
Cl-              7
    -7.889455346        -7.904352511        -4.448083353    
Cl-              8
    -4.646280934        -4.769272079        -4.622665266    
K+               9
    -1.545264747        -7.651753978        -7.781300479    
K+              10
     1.731257415        -4.560044573        -7.928264850    
K+              11
    -1.337446825        -4.751455875        -4.444011381    
K+              12
     1.595754787        -7.803377699        -4.802347904    
Cl-             13
    -1.455034758        -4.665584097        -7.867189305    
Cl-             14
     1.509860741        -7.791568700        -7.812970555    
Cl-             15
    -1.606941519        -7.747051271        -4.408492797    
Cl-             16
     1.555779384        -4.734423640        -4.589537459    
K+              17
     4.774035075        -7.780485696        -7.803380233    
K+              18
     7.741931796        -4.723370177        -7.854136561    
K+              19
     4.722669157        -4.836873888        -4.623241315    
K+              20
     8.047740763        -7.922180471        -4.641421371    
Cl-             21
     4.730606424        -4.675254579        -7.776832036    
Cl-             22
     7.949676712        -7.813314535        -7.637871072    
Cl-             23
     4.682019993        -7.873925185        -4.863205054    
Cl-             24
     7.842304113        -4.428548631        -4.665443815    
K+              25
    -7.737181801        -1.538229136        -7.887560876    
K+              26
    -4.545935009         1.554820685        -7.847944433    
K+              27
    -7.774003931         1.528719472        -4.673848330    
K+              28
    -4.822772518        -1.577790349        -4.367661177    
Cl-             29
    -7.634125587         1.535236268        -7.896243426    
Cl-             30
    -4.757195290        -1.667766885        -7.750476514    
Cl-             31
    -7.668649831        -1.361023406        -4.669685813    
Cl-             32
    -4.389710282         1.643577538        -4.593625814    
K+              33
    -1.826947166        -1.644135280        -7.610851887    
K+              34
     1.410036342         1.522062643        -7.964357743    
K+              35
    -1.581444367         1.620343568        -4.544101305    
K+              36
     1.664803900        -1.403261352        -4.699055725    
Cl-             37
    -1.650145257         1.536485153        -8.064646794    
Cl-             38
     1.498540328        -1.518858310        -7.745683193    
Cl-             39
    -1.561487104        -1.472859403        -4.661162753    
Cl-             40
     1.449736082         1.711128067        -4.734407724    
K+              41
     4.810662253        -1.573093295        -7.826245640    
K+              42
     7.589583530         1.422366551        -7.792728209    
K+              43
     4.637623056         1.555291679        -4.475357744    
K+              44
     7.770157785        -1.510970702        -4.580300194    
Cl-             45
     4.674064973         1.525257237        -7.973105871    
Cl-             46
     7.701221884        -1.510943152        -7.772388759    
Cl-             47
     4.662853816        -1.493126949        -4.851295188    
Cl-             48
     7.688504812         1.716416332        -4.669570145    
K+              49
    -7.875857303         4.636914440        -7.886000035    
K+              50
    -4.758777071         7.832583506        -7.804942121    
K+              51
    -7.729400772         7.748745038        -4.717329643    
K+              52
    -4.662485977         4.765033017        -4.634262406    
Cl-             53
    -7.841461962         7.819532918        -7.841246536    
Cl-             54
    -4.722048272         4.687067175        -7.798104720    
Cl-             55
    -7.727059701         4.721045253        -4.676778086    
Cl-             56
    -4.595979726         7.933667299        -4.711170774    
K+              57
    -1.458466004         4.627895811        -7.860467699    
K+              58
     1.463886029         7.826667195        -7.728523526    
K+              59
    -1.636831611         7.676062183        -4.593871363    
K+              60
     1.568143787         4.677194156        -4.858874459    
Cl-             61
    -1.543741928         7.801031841        -7.721978110    
Cl-             62
     1.384008567         4.689761217        -7.879038753    
Cl-             63
    -1.450660588         4.626404095        -4.715901396    
Cl-             64
     1.449683934         7.839273124        -4.640563722    
K+              65
     4.392587579         4.536113127        -7.735820253    
K+              66
     7.771260245         7.797823979        -7.711562613    
K+              67
     4.624470391         7.857331621        -4.716786536    
K+              68
     7.650810689         4.607662402        -4.785209544    
Cl-             69
     4.609736007         7.624200654        -7.667874726    
Cl-             70
     7.587475786         4.595709973        -7.882422926    
Cl-             71
     4.640153310         4.610030711        -4.553267502    
Cl-             72
     7.930100850         7.610658013        -4.592265910    
K+              73
    -7.967701041        -7.770120842        -1.501596666    
K+              74
    -4.651997081        -4.738450644        -1.609840322    
K+              75
    -7.633726226        -4.674236699         1.617314801    
K+              76
    -4.767219812        -7.835262042         1.452310150    
Cl-             77
    -7.907913903        -4.540753365        -1.653673321    
Cl-             78
    -4.735990005        -7.681998258        -1.557160468    
Cl-             79
    -7.703327410        -7.739455626         1.534033463    
Cl-             80
    -4.808654989        -4.692163345         1.454545102    
K+              81
    -1.349644019        -7.947812762        -1.527283945    
K+              82
     1.688777663        -4.780205729        -1.660432875    
K+              83
    -1.505154241        -4.854282818         1.620123803    
K+              84
     1.602275837        -7.785715473         1.629173744    
Cl-             85
    -1.475784410        -4.622515919        -1.315081737    
Cl-             86
     1.668952109        -7.707093105        -1.621677512    
Cl-             87
    -1.533089465        -7.881379144         1.647954044    
Cl-             88
     1.604384800        -4.752558002         1.709224310    
K+              89
     4.712656933        -8.069256789        -1.733855587    
K+              90
     7.662763234        -4.669361079        -1.531898399    
K+              91
     4.624651236        -4.760465354         1.402583376    
K+              92
     7.858833007        -7.628995285         1.615778870    
Cl-             93
     4.703775607        -4.721018281        -1.558825097    
Cl-             94
     7.842125470        -7.734124468        -1.500409966    
Cl-             95
     4.815061470        -7.792814947         1.582286390    
Cl-             96
     7.849684086        -4.735338580         1.377220364    
K+              97
    -7.773021384        -1.550951658        -1.468432304    
K+              98
    -4.724075882         1.757178849        -1.617260812    
K+              99
    -7.750666537         1.352491406         1.689784366    
K+             100
    -4.519583803        -1.600253400         1.416464426    
Cl-            101
    -7.685519000         1.542762553        -1.616680851    
Cl-            102
    -4.658825441        -1.594089008        -1.585992443    
Cl-            103
    -7.828519468        -1.559981453         1.567085143    
Cl-            104
    -4.641351078         1.568972412         1.502936767    
K+             105
    -1.667991602        -1.656896090        -1.492952748    
K+             106
     1.519968585         1.637859677        -1.401178134    
K+             107
    -1.420509850         1.603500974         1.447054513    
K+             108
     1.586857411        -1.643349232         1.688585721    
Cl-            109
    -1.629459058         1.753944136        -1.531422435    
Cl-            110
     1.421962897        -1.505130440        -1.619259010    
Cl-            111
    -1.597598969        -1.531191548         1.624203916    
Cl-            112
     1.533439853         1.569701071         1.643947125    
K+             113
     4.701758204        -1.513299244        -1.440809869    
K+             114
     7.763457677         1.544550072        -1.466820406    
K+             115
     4.594149138         1.406227515         1.599526547    
K+             116
     7.698670083        -1.778601462         1.605285739    
Cl-            117
     4.720090988         1.550627651        -1.505254306    
Cl-            118
     7.679950466        -1.472306991        -1.603291841    
Cl-            119
     4.635247310        -1.539535216         1.628139020    
Cl-            120
     7.698949654         1.563537614         1.471175060    
K+             121
    -7.882858889         4.656843633        -1.442394371    
K+             122
    -4.726023838         7.966224646        -1.612982024    
K+             123
    -7.845916033         7.836858097         1.528033623    
K+             124
    -4.919971374         4.686267277         1.630700569    
Cl-            125
    -7.658931034         7.778936206        -1.372200776    
Cl-            126
    -4.684430111         4.863110384        -1.642121958    
Cl-            127
    -7.720523782         4.591897969         1.585098891    
Cl-            128
    -4.579384925         7.995111093         1.485519458    
K+             129
    -1.407507091         4.706635665        -1.560743600    
K+             130
     1.478505878         7.748231002        -1.575761710    
K+             131
    -1.682060169         7.904530476         1.517335976    
K+             132
     1.804709919         4.841026700         1.619200740    
Cl-            133
    -1.713564041         7.806105476        -1.481718075    
Cl-            134
     1.534372429         4.731699703        -1.408711699    
Cl-            135
    -1.462315587         4.912342954         1.603893078    
Cl-            136
     1.604088682         7.856517756         1.557356729    
K+             137
     4.593244549         4.619848143        -1.557155018    
K+             138
     7.792441924         7.711980058        -1.333203185    
K+             139
     4.749200262         7.789510571         1.624740019    
K+             140
     7.840136269         4.552838449         1.677587354    
Cl-            141
     4.564330523         7.771356301        -1.700788395    
Cl-            142
     7.719952795         4.700032374        -1.492673487    
Cl-            143
     4.751049635         4.842240081         1.746952277    
Cl-            144
     7.810823511         7.911578430         1.652662353    
K+             145
    -7.769827588        -7.680891454         4.578580643    
K+             146
    -4.553558875        -4.663344493         4.628185723    
K+             147
    -7.661481027        -4.827163063         7.950243525    
K+             148
    -4.686049846        -7.909299388         7.576626393    
Cl-            149
    -7.730714650        -4.750026884         4.507271743    
Cl-            150
    -4.567012585        -7.778866762         4.706311735    
Cl-            151
    -7.794905570        -7.846741623         7.597982064    
Cl-            152
    -4.786247612        -4.670874622         7.745006876    
K+             153
    -1.432841683        -7.767388359         4.710692724    
K+             154
     1.447014154        -4.678913645         4.808233808    
K+             155
    -1.731974192        -4.719039860         7.811844991    
K+             156
     1.524278232        -7.870997940         7.842741164    
Cl-            157
    -1.492866368        -4.814228106         4.630459007    
Cl-            158
     1.509853763        -7.949591057         4.613563246    
Cl-            159
    -1.416374243        -7.788398923         7.812178005    
Cl-            160
     1.667635415        -4.639844345         7.845298728    
K+             161
     4.615261663        -7.853368671         4.617974154    
K+             162
     7.663097994        -4.720511866         4.804734031    
K+             163
     4.752705587        -4.577804226         7.684501993    
K+             164
     7.734300806        -7.837939829         7.792136718    
Cl-            165
     4.660845036        -4.374873740         4.707728025    
Cl-            166
     7.717685789        -7.905440710         4.588724388    
Cl-            167
     4.661122397        -7.749127627         7.809478243    
Cl-            168
     7.808669206        -4.712356885         7.656113547    
K+             169
    -7.798060730        -1.628458076         4.577482578    
K+             170
    -4.622324664         1.592211464         4.597428747    
K+             171
    -7.696282519         1.538277274         7.922720660    
K+             172
    -4.691453132        -1.654260955         7.796906766    
Cl-            173
    -7.695187255         1.597439937         4.464991869    
Cl-            174
    -4.569907250        -1.514370966         4.498044538    
Cl-            175
    -7.803500949        -1.683179361         7.838608290    
Cl-            176
    -4.630002845         1.521519044         7.745380356    
K+             177
    -1.535989641        -1.557734660         4.483190706    
K+             178
     1.407690843         1.666868493         4.705207366    
K+             179
    -1.690183317         1.672683476         7.801460694    
K+             180
     1.473577928        -1.510513782         7.673663284    
Cl-            181
    -1.413091931         1.596556422         4.683066726    
Cl-            182
     1.450013267        -1.395894178         4.777851647    
Cl-            183
    -1.757122544        -1.736382557         7.540677573    
Cl-            184
     1.646558793         1.564233676         7.691227065    
K+             185
     4.607498513        -1.600432734         4.715006285    
K+             186
     7.732913219         1.480311559         4.655349674    
K+             187
     4.869156450         1.442475219         7.714216183    
K+             188
     7.875402274        -1.640369893         7.782826271    
Cl-            189
     4.790983276         1.533243373         4.674906018    
Cl-            190
     7.785410458        -1.658883730         4.610241887    
Cl-            191
     4.776008193        -1.499519189         7.733675382    
Cl-            192
     7.753499434         1.606486118         7.701684462    
K+             193
    -7.879333803         4.555925479         4.707514004    
K+             194
    -4.732189462         7.887663010         4.558813908    
K+             195
    -7.851640164         7.865492467         7.828991531    
K+             196
    -4.771639362         4.733537295         7.777118867    
Cl-            197
    -7.875773828         7.742702048         4.508306649    
Cl-            198
    -4.659163437         4.775415244         4.634068981    
Cl-            199
    -7.739012807         4.568772918         7.762552039    
Cl-            200
    -4.741949138         7.837953842         7.828732096    
K+             201
    -1.478317661         4.787726502         4.774635265    
K+             202
     1.445313676         7.544090505         4.539918646    
K+             203
    -1.559288969         7.805493105         7.730735351    
K+             204
     1.688666555         4.803916239         7.704686368    
Cl-            205
    -1.603020330         7.812519366         4.675286884    
Cl-            206
     1.675770212         4.710203151         4.711382840    
Cl-            207
    -1.568338807         4.834957585         7.701471438    
Cl-            208
     1.548111727         7.776725111         7.772565112    
K+             209
     4.744517991         4.733884821         4.791088753    
K+             210
     7.716079255         7.823977222         4.641268297    
K+             211
     4.508711649         7.753727237         7.705456712    
K+             212
     7.728047932         4.656422209         7.943006185    
Cl-            213
     4.630407295         7.939433358         4.843725306    
Cl-            214
     7.793760543         4.692221708         4.799774253    
Cl-            215
     4.630849303         4.694784069         7.874806440    
Cl-            216
     7.884680948         7.796531996         7.897428916    
