SPC model water in cubic cell                              
         2         1       917    0.5000000000E-03
       17.8856761461        0.0000000000        0.0000000000
        0.0000000000       17.8856761461        0.0000000000
        0.0000000000        0.0000000000       17.8856761461
OW               1
     7.902626246        -3.817981054        -2.089662465    
    -2.384140728       -0.5332878506        -4.464926190    
     982.9402965         3857.137483        -1533.540677    
HW               2
     7.101389743        -3.549523300        -1.554918445    
     3.239597419        -1.867069010         4.709317122    
     916.5121368        -887.7453885         1572.332944    
HW               3
     8.719890525        -3.389286384        -1.704564159    
    -2.323735559         24.13941029        -31.16847621    
    -360.1295170        -1929.531850        -342.0263042    
OW               4
     7.563088194         3.190985144        0.1952740353    
    -2.886446082        -2.449906347         2.223426182    
     3291.632134        -4211.915399         3302.872713    
HW               5
     7.328762712         4.025974363        0.6931548235    
    -2.613710131         3.306248336        -7.215318903    
     989.6790644        -435.3339034         609.6335891    
HW               6
     6.726608815         2.752272574       -0.1331072053    
    -3.623296934        -10.91288237         15.18596937    
     79.64556815         2456.371123        -2205.111633    
OW               7
     5.976202527        -2.931365572         7.081969405    
     1.522388675        0.8482511581         1.988387074    
    -1525.837453         1521.350456         1461.507360    
HW               8
     6.727274723        -2.426406141         7.507301216    
     1.378501501        -17.03382546         23.97369256    
     378.0520412        -1039.485805        -1312.122606    
HW               9
     6.003028635        -3.884951691         7.381893855    
    -18.95377429        -4.210748600        -11.69635401    
     855.6760516         45.10664998        -2221.432210    
OW              10
    -2.644428290         2.493300592        -7.304378848    
    -9.461736862        -6.262176063        -1.733263893    
    -769.6434454        -1198.688201        -929.4635270    
HW              11
    -3.221209348         2.928796485        -7.995513899    
    -7.261176322         16.24903213         10.35897629    
     536.4597451         930.5430836         986.8722288    
HW              12
    -1.685869820         2.554902766        -7.582536271    
    -8.300292435         5.508274116         4.668525062    
     306.8496778         1613.755002         2069.412906    
OW              13
   -0.9954064611         6.226040812        -4.888995276    
     1.890291654         4.000047500       -0.5794311452    
     1156.309551        -2484.773724        -313.7538416    
HW              14
   -0.5041252832         6.307843805        -5.756146807    
     22.04111540        -6.515579280         9.651436893    
    -2572.834582         486.3250252        -663.3069378    
HW              15
    -1.312173028         5.284741614        -4.772309801    
    -1.590819240         5.603008054         3.068292876    
    -1621.512168         341.4606901        -816.3896711    
OW              16
    -6.644284987         4.900240147       -0.1151034305    
    -5.988146307         3.034848031        -4.227390373    
     1303.538642         2719.870788        -1277.309289    
HW              17
    -6.361339587         4.665533868        -1.045079551    
     9.690840200         3.349668336        0.3782657038    
    -974.0142088        -108.9072311        -25.95943717    
HW              18
    -6.858052760         5.875962171       -0.6745291738E-01
     23.85113706         9.627289204       -0.1042232454    
     732.1107813        -712.9470667         1363.939724    
OW              19
    0.4558101241         2.261891785        -1.006400335    
     3.812644246        0.8303054293       -0.4726588769    
    -1955.508518         784.9635540        -1040.741587    
HW              20
     1.354871108         2.115862112       -0.5936468513    
    -2.377780074        -6.787224627         10.47751524    
    -514.4012585        -1650.229905        -305.3278351    
HW              21
    0.4470027384         3.139665140        -1.485396192    
     21.34562324        -5.300451557        -12.30903875    
     1223.119954         302.6413148         1377.830436    
OW              22
     2.578544732         1.239755002        -3.903700412    
    -1.636088912       -0.1152555734        -1.396759404    
     499.3374864         330.0958039         227.8786711    
HW              23
     3.352858442        0.6120263565        -3.823727263    
    -4.692562672        -6.036302679        -17.20340221    
    -212.5174251         306.6480462         779.6339324    
HW              24
     1.723768649        0.7224001843        -3.862438321    
    -4.201374516         3.062116281        -13.42064924    
    -109.5078832         516.8589157        -408.3579271    
OW              25
    -6.558922256         1.921227129        -2.572416448    
     5.447257317         1.913364015         4.766807387    
     2611.945493         812.1009783         922.0236937    
HW              26
    -7.051484310         1.673622386        -1.738105222    
    -9.096256194         7.163866405        -2.160218738    
    -455.2509176         214.8087501        -585.5214254    
HW              27
    -6.363920790         2.902011470        -2.566314833    
    -18.70524890         7.036708500        -10.41463133    
     79.02833672        -760.0074723        -1397.450411    
OW              28
    -4.422186915        0.1569399351       -0.2040300574    
    -3.289458539        -4.970583316         6.845022687    
     370.7484616         1825.738178         180.5167800    
HW              29
    -3.541286977        0.3303493595        0.2363620259    
    -2.522484537        -6.752474704         6.043332778    
     1068.125065        -1038.494160        -1625.683986    
HW              30
    -4.520185008        0.7532436700        -1.000785316    
    -7.325167435         2.660951684         13.00202311    
    -373.0641166        -343.0777083        -138.0928142    
OW              31
    0.1830526963E-01    -6.591538482         8.747502479    
   -0.5856602064       -0.9635563748        0.1209796876    
    -1876.235716         2042.561975        -2359.797355    
HW              32
   -0.6408328483        -6.402659270        -8.410257287    
    -33.52574660        -11.55744984        -26.28991672    
     3425.335646        -1516.891673         712.4011080    
HW              33
   -0.1570774886E-01    -5.858685989         8.067965067    
    -12.28690613        -20.09103077        -20.27792045    
     2026.846039         98.88658991         1142.403733    
OW              34
    0.8898184506         5.076130858        -1.975775004    
     4.593716804        -5.506242246        -5.751847868    
     888.0573994        -648.0957829         551.1204445    
HW              35
     1.764195630         5.063466170        -2.460857331    
    -1.763440441        -14.06176572        -17.13855296    
    -724.7757462        -790.1816465        -896.5550387    
HW              36
    0.3711756480         5.888058518        -2.243700039    
     7.023954834        -2.884884227        -2.580265738    
    -240.7315738        -509.3838318        -713.0702835    
OW              37
    0.6878390888E-01     6.400360790        -7.278341820    
    -3.044174647        -6.470262309         1.835594669    
     4812.268998         32.94404502        -2924.500438    
HW              38
   -0.1478742138         6.604466600        -8.233014931    
    -10.58444701        -27.71680499        -1.144106807    
    -565.3833021        -894.5102672         338.6291696    
HW              39
    0.8296734454         5.752621419        -7.239850866    
    -12.07926643        -16.72346601         9.851203441    
    -173.1380005        -151.6779882         353.0392925    
OW              40
     1.542961005         6.847544425         6.741210869    
    -7.296534774       -0.9397479407        -2.903186154    
     2424.979750         1556.343970         3006.954874    
HW              41
     2.538672673         6.786747562         6.671477589    
    -4.762156402         8.559566907         22.21552147    
    -659.2379834        -1818.952709         794.6754832    
HW              42
     1.171303456         5.955645846         6.998870111    
    -6.908760020        -8.509783633        -27.84031033    
    -1056.226432        -33.18917799        -4223.677078    
OW              43
    -1.573330636         1.164920010        -2.757591733    
     1.714424098         1.172967233       -0.4045615638    
     759.5397507         1396.718985         1569.520406    
HW              44
   -0.8324764795         1.395855191        -2.126874066    
     3.109893253         3.169827368        -2.750548410    
     1222.993509        -935.5233809        -922.8327056    
HW              45
    -1.479751091        0.2126287934        -3.048082722    
    -6.523908630        -3.728868123         12.74004918    
    -1363.956432         375.2979980        -402.0285605    
OW              46
    -2.828024810        -8.718745575        -3.613760415    
     1.279540791        -1.873010818         1.147449315    
    -793.6748728         705.2721244         1474.700077    
HW              47
    -2.959582954        -8.069071888        -2.865016565    
     3.957161157         16.90670024        -14.45882252    
    -773.6428406        -1269.939495         260.0120849    
HW              48
    -2.747206322         8.241845199        -3.242699711    
    -25.15764266         3.846396609         21.98358898    
     859.4004216         890.8433764        -1266.700367    
OW              49
    -6.233835984         5.093154960        -3.064048498    
    -1.016654920         2.436734057        0.8911355883    
    -159.7485978         2170.469185         4445.291336    
HW              50
    -5.281837798         5.399159136        -3.056199502    
   -0.2473257334        0.1100037312        0.9146867116E-01
     453.0657270        -1316.828256         396.6042590    
HW              51
    -6.599718676         5.164384235        -3.991980046    
     3.134751765        -11.33708391        -1.874314593    
     1063.819240        -2101.193795        -124.5742436    
OW              52
     5.153407074         6.655531663         4.643707326    
    0.5794712664        -1.341602281         3.455624697    
    -2627.649443         463.8885489        -2439.962680    
HW              53
     5.122342012         7.519898000         4.141804492    
    -9.636935359        -6.899010447        -5.616097909    
     1053.674473        -488.5471012        -676.5621078    
HW              54
     5.060707277         5.893728234         4.002565355    
     6.416650902        -9.101516169         11.74892602    
     1433.623675        -241.5736185         170.0494152    
OW              55
     7.534253588         2.986330094         3.427767545    
     7.829291842         3.299562225         2.270162998    
     1420.457050         204.1555368        -626.6911393    
HW              56
     7.742085372         2.323653518         2.708277118    
    -15.39274087         8.191209479        -9.201884749    
    -721.4116776         476.7707050         240.3761255    
HW              57
     7.751121352         2.589633622         4.319732184    
    -3.676373069        -18.95608399        -4.627239080    
    -2437.813589        -129.7186606        -208.7248272    
OW              58
     8.661039366         5.630113565        -8.226672835    
    -4.558493287         3.921665977        -3.042391065    
     100.3840886         720.4714473        -912.9354409    
HW              59
     8.390010155         6.534175232        -7.896193912    
     7.302863846         1.321521026         14.17165706    
     616.4297499        -409.9885781         394.6549000    
HW              60
    -8.233191151         5.528268878        -8.145039648    
    -8.427932308        -19.54983961         17.89842094    
    -1204.793269        -2088.440940         482.6301694    
OW              61
    -3.400975306        -6.086365021         8.712978384    
    -3.100792924         5.285203696       -0.5528820930    
     1569.483352         2770.405688         740.4100846    
HW              62
    -2.800900177        -6.351994047        -8.418143736    
    -5.247795010        0.8567383597       -0.3798416103    
     366.8353456        -313.9739836        -368.3799545    
HW              63
    -2.939760796        -5.406141954         8.143260521    
     7.682305428        -8.576958041        -8.559738526    
     28.73826671        -581.2722140        -278.8365097    
OW              64
    -1.228344302         4.006924611         3.944494577    
    -7.264229289        -1.160158232        -2.689958112    
    -1043.775031         1648.610158         2768.439404    
HW              65
    -1.361812286         4.603020033         3.152751396    
    0.8121893038        -4.005225915        -6.236338808    
    -1092.100475         602.7011453         845.8192052    
HW              66
    -1.579867787         3.093825363         3.737899020    
    0.6931982741        -3.660128463        -5.333351342    
     4763.853049        -1270.014596        -1817.049430    
OW              67
    -6.776323521         3.187229249        -5.086288130    
     3.319015479        -3.134374906         2.049694415    
    -5042.480416         1240.577591        -4477.604642    
HW              68
    -7.685230115         3.598086164        -5.014971365    
     4.408807875        -2.719957832         14.25289778    
    -304.3095487        -434.1513098         905.7669185    
HW              69
    -6.720775359         2.392691170        -4.481619312    
     4.795112267        -14.77662092        -13.21003627    
     837.9912366         764.7081935        -110.6570050    
OW              70
     1.063604439        -4.795306192         3.908080620    
    0.1065271141        -2.884482268         2.975862043    
    -3147.701231         2185.515329         3634.609867    
HW              71
    0.7808605382        -4.047164563         3.307796857    
    -23.47815353        -19.97292614        -7.633835640    
     1608.894730        -1794.892418        -1441.131632    
HW              72
    0.2922321900        -5.414234385         4.056112935    
     15.08346082        -16.86823114         24.09847537    
     449.6858858         311.7151151        -1761.424542    
OW              73
    -1.794279608        -1.482560519        -3.813486768    
    -1.520305842         3.447340693        -1.738605931    
     2464.313382         1075.496485        -142.8130255    
HW              74
    -2.256220183        -2.141515760        -3.219862643    
    -8.062534850         11.74818150         2.460291057    
     9.766820490        -208.4423167        -651.3564853    
HW              75
    -2.324696799        -1.359797906        -4.652288090    
     5.652877607        -5.286301659        -7.616024188    
     686.6862293        -6.150560650        -169.8887033    
OW              76
     1.688497978        -1.423711685         7.839002926    
    -3.279430999         1.745989228         2.239876831    
    -1051.160014         4242.435431        -1657.158841    
HW              77
    0.8780584124        -1.012908802         7.421355379    
    -8.250050491         7.008402977         16.87207896    
    -379.4250710        -224.0762215         637.6016889    
HW              78
     2.087050293        -2.090367898         7.209140874    
    -13.56424626         5.909649459        -8.791810433    
    -2253.396917        -1771.698856         1056.338720    
OW              79
    -2.378095091         5.452355045         1.859716600    
    -1.466747307         5.818940631       -0.8187624140    
    -1292.933953         1418.495832         781.3070737    
HW              80
    -3.147441125         4.835771887         1.692585953    
     7.393099038        -8.168930185         9.361755235    
     235.1470494         345.4717860        -81.29151285    
HW              81
    -2.088214451         5.865978213        0.9966489549    
    0.5966737325        -13.95399031        -9.753908650    
     2230.298562        -1807.876928         422.6167820    
OW              82
    -7.959874279         1.588322500       -0.2506810914    
     6.299317879        -1.914617211        -10.14516714    
    -1149.662211         90.05178231         1183.447480    
HW              83
    -8.677356291         2.246102466       -0.2145259371E-01
    -14.16017281        -20.41954434        -20.09023311    
    -145.6854228        -913.5197761        -1139.135135    
HW              84
    -8.246722316        0.6713446086        0.2657426259E-01
     29.49374090        -8.462253661        -7.227094406    
     247.9527385         610.1586895         293.4950443    
OW              85
    -1.313022448        -5.909607882       -0.2906334120    
     1.064678398        0.9916337402         1.488913878    
     967.1688438        -4272.532058         121.4889387    
HW              86
    -1.200763594        -5.043322541        0.1961400966    
     21.82329388         6.206770984        -12.22206082    
    -1750.608586         348.5899103        -2013.627582    
HW              87
    -2.285863077        -6.131121482       -0.3578157551    
    -4.938602977         27.67428938        -2.589082157    
     1363.555981        -2015.118362        -953.3581552    
OW              88
    -6.772490843        -2.912819703        -2.408173909    
    -3.071363810        0.8348926857        -8.981143388    
     2142.536939        -2958.637748        -1700.613855    
HW              89
    -6.484576409        -2.711225323        -3.344371357    
     6.140660295         11.60772500        -3.902229228    
    -369.0050336         1519.039858         331.0470312    
HW              90
    -5.966930566        -2.992554019        -1.821048854    
    -9.851864004         20.56548968         3.272008953    
    -586.0287211         3285.857671         490.6727485    
OW              91
   -0.8213123348         7.629335212         2.687166072    
     1.882465403         1.196181551        -6.141166522    
    -1601.630069        -1215.948848         1321.730055    
HW              92
   -0.4367531649         7.661978425         1.764642722    
    -11.99691264        -4.295253151        -12.20503993    
     907.3575522         520.9883687         828.6534000    
HW              93
    -1.420356324         6.833031467         2.771114897    
    -24.80164330         21.18382803        -3.479888518    
     414.5669752         904.5579696        -213.0287265    
OW              94
     7.957118531       -0.6365062705         6.883856370    
     3.461918813         1.946069431         3.008077256    
    -1301.029906         937.9352953         1840.494486    
HW              95
     8.162212910       -0.2852433334         7.797394174    
    -3.836870794         8.318200934         2.236064177    
     251.3409479         333.5812753        -168.6986231    
HW              96
     7.611873931        0.1063710892         6.310323347    
   -0.6226835403        -3.960371823        -2.239789281    
    -1773.429175        -549.7257760         468.3513137    
OW              97
   -0.7991900741E-02    -7.845458639        -2.615799212    
     6.228999708        -2.899494452         3.468268344    
     149.6438447         2579.952058         743.5523836    
HW              98
   -0.5101994542        -7.267006742        -1.973007117    
    -5.625997608        -8.922465572       -0.2801905316    
     784.2306481        -146.0879318         617.3617771    
HW              99
    0.1237432222        -7.352484703        -3.475812728    
     10.13009217        0.1126454074         5.769336539    
    -468.0399391         665.1864879         295.7627884    
OW             100
     4.252193837         5.748371185         6.986218645    
    -2.034686773        0.3498362608         8.506867135    
    -167.7240378         1911.619594         730.8760292    
HW             101
     4.635440833         6.458908052         7.576353998    
     21.07811402       -0.3610716641        -5.318517833    
    -313.6550213        -1561.209897         1003.207876    
HW             102
     4.565394039         5.889630792         6.047095571    
    -8.283346950        -20.22950520         3.183492133    
     930.0445606         762.4903009         1004.704497    
OW             103
     4.045302808        -6.208910895        -6.706434105    
    -2.086135751        0.5038668562        0.8632282530    
     1227.309758         1235.356391        -695.5032099    
HW             104
     4.453831159        -5.314685365        -6.523496981    
     5.594808661        -1.458089561        -6.471639747    
     524.5953206        -317.6762494         262.3944535    
HW             105
     4.424051015        -6.884614967        -6.073998729    
    -1.077489484        0.5919514348        0.3735112704    
    -2718.064644         214.9368914         1768.181878    
OW             106
    -6.586396814       -0.6745059426         5.997446870    
    -3.337148005         4.688428380        -4.038756888    
    -2436.845079         4766.499757        -3124.622731    
HW             107
    -7.446211847        -1.159157332         5.836724041    
     2.592374365        -4.257205603        -9.081000529    
     714.0192135        -1092.575303         138.3206614    
HW             108
    -6.214293258       -0.3566893047         5.125361871    
    -4.956921848         14.51097737        -1.195253320    
     55.66836469        -1271.004975        -536.5902850    
OW             109
     5.658108249        -1.795367212         4.494431842    
    -5.368643079        -5.157262426         1.435706192    
     2119.844589         88.86900978         3500.465404    
HW             110
     4.751476013        -1.375471607         4.453124116    
    -8.267828557        -9.995328716         14.37992112    
    -2.951226534        -1010.390445        -1797.724117    
HW             111
     5.808058359        -2.176839711         5.406569144    
     22.86788791         25.00510177         9.909462342    
    -1272.830175         728.9719689        -1232.325916    
OW             112
     7.695589212         5.026835663        -1.982091363    
     4.920889887       -0.3526731010         8.310117334    
     581.1102757         1954.968423         2175.270502    
HW             113
     8.413316200         4.426665487        -1.629012913    
    -5.072514343        -9.722307159         12.88068384    
    -658.9608206        -82.81259131         642.7093315    
HW             114
     6.934997113         5.055031207        -1.333473285    
    -2.220012943         3.309161418       -0.1510861296    
    -703.8266118         26.98747730        -915.7049309    
OW             115
     3.044779899         4.011587866        -4.199018229    
     4.117617231        -1.242324385        0.4445476204    
     663.5966207        -2133.319651         4467.979127    
HW             116
     2.723440816         3.096714806        -3.954581638    
    -11.85206107         5.771698482         6.097450497    
     419.0929068        -195.7979767        -885.8567735    
HW             117
     4.042547934         4.041898041        -4.139512834    
     4.671858294        -18.00659475         1.083744530    
    -239.1990258        -8.403343990         153.8705989    
OW             118
    -1.959307484        0.9180414570        0.6880231182    
    0.1670920301         4.774236849        -2.860801850    
    -1601.711498         5242.899750        -3410.275746    
HW             119
    -1.260280600         1.355925732        0.1226740865    
     19.43859237        -23.09053963        -1.145783984    
     1482.417230        -2076.501291         1741.605892    
HW             120
    -1.963144671         1.335217904         1.596840900    
     8.810443272         10.70279245        -5.499844152    
     2125.632730        -2915.192714         1150.435278    
OW             121
    0.8342878398        0.6417106952         3.920952993    
     1.361534115         8.306852493        -1.738188727    
    -2681.018972        -5810.903560        -1077.580225    
HW             122
     1.514300849       -0.9090741817E-01     3.950171288    
     3.323303965         10.81901636         20.24191503    
    -416.3805680         91.48946135         1272.916836    
HW             123
     1.288314506         1.523785287         4.046670724    
    -1.984714944         12.76449148        -20.09814610    
   -0.6503281193        -657.3474612        -1362.567864    
OW             124
    -6.576867471        -6.751542310         7.674055808    
     1.145295440         3.595475034        -2.794510116    
     158.6705861         574.0143114        -1623.728475    
HW             125
    -6.330602869        -6.192053469         8.465463864    
     15.16818858         9.332940976        -11.10408621    
    -301.6540248         231.9064876        -519.8351675    
HW             126
    -6.505012894        -7.719597381         7.914278571    
     5.666885218         5.307439909         2.861457922    
     208.3767808         150.6234645         81.88290613    
OW             127
    -3.298451938        -5.552114524         3.826548660    
     3.107796442         7.946564813         3.944267093    
    -3654.725210         464.4002096        -1631.921775    
HW             128
    -3.632573414        -6.149703384         3.097678881    
     6.328892438         26.31374396        -12.82410055    
     437.9185393         157.2777890         354.4609488    
HW             129
    -2.514010472        -5.979866053         4.275637600    
     7.888047278         1.317269547        -10.53818582    
     680.7262478         1738.167263        -675.7271259    
OW             130
     8.345104530         4.131206525        -4.365119401    
     4.658124693         1.853953159        -7.207005222    
     497.0422152         525.4818604        -5414.650361    
HW             131
     7.992768822         4.473048005        -3.493910700    
    -11.22996976        -1.422230425        -12.24986701    
     910.5007167         111.3216340        -361.0087949    
HW             132
     7.612482048         3.666124900        -4.862074281    
     19.65513232        -17.32600966        -11.69958263    
     527.1089051        -1576.645249         1611.866268    
OW             133
     2.084653946        -3.325515674         6.041216485    
     5.586499024        0.4106592333         3.751950591    
     5635.371041        -1938.161427        -2817.249561    
HW             134
     1.670496989        -3.878487446         5.318238646    
    0.2081583716       -0.9510763831         7.840775007    
    -843.9064484         349.3395530         204.3367420    
HW             135
     2.932972734        -3.757510147         6.347380996    
    0.8767653181        -6.137128190         7.669183635    
    -566.7235927        -1595.463629         77.29682084    
OW             136
    -3.001127106        -3.205654954         2.180665965    
    0.5625397702        -1.840954764         2.369311375    
    -2602.880161        -225.5471719         239.4314496    
HW             137
    -3.716119249        -2.511817248         2.266550468    
     14.62373680         9.664418994         29.77251589    
     1677.403294         219.5773344         1725.586705    
HW             138
    -3.125024546        -3.901943913         2.887653843    
     13.42803454        -2.510095943         4.042257706    
     967.3263507        -563.1163478        -546.3565280    
OW             139
    -3.554384900         5.555994688        -2.651271547    
    0.3318883576        -1.947227716         6.250187852    
    -703.0069326        -1771.801128         2233.963046    
HW             140
    -2.982053524         5.434526284        -3.462248092    
    -9.219142796        -1.318125759       -0.6427703436    
    -445.6567128         655.4176764        -94.70576383    
HW             141
    -3.418717866         4.785440377        -2.028502571    
     6.888489458        -2.982428662         3.581578702    
     676.3538393        -357.0790786        -393.1180898    
OW             142
     1.505560460        -5.621663469        0.2767915099    
     2.116481183        -4.523067158        -3.350454059    
    -1222.753264         973.6319253        -305.8028540    
HW             143
    0.5238075388        -5.662574584        0.9108159446E-01
     2.771938482        -4.068929814        -7.001533061    
     100.1333086        -1745.468239        -485.6566645    
HW             144
     1.938349725        -4.978876822       -0.3552840329    
     5.272409728        -7.153846571        -3.891436604    
    -838.3735412         274.8651015        -292.3121464    
OW             145
    -5.169407449        -1.927662497        -4.945744797    
    -3.314366930        -2.995353006        0.2703915074    
    -278.8188186        -4524.833917         6327.451896    
HW             146
    -4.925991856        -2.327910821        -5.829232661    
    -6.650859648         7.757993675        -5.580150945    
    -25.54543689         415.1767871         249.5499413    
HW             147
    -5.080359035       -0.9328084648        -4.994083148    
    -5.303181526        -2.226079293         11.50476563    
    -1704.990523        -248.3124027         589.5210411    
OW             148
     1.399815633        -3.038448973        -1.218635849    
    -1.884474147        0.3471379423        -2.574709673    
    -440.8790637        -2557.856004        -1844.341803    
HW             149
     1.344700607        -3.057243130        -2.216939321    
    -6.744285821         17.97312812        -2.734449542    
     20.61829255         950.0574342         176.5162015    
HW             150
    0.4980059320        -3.229204806       -0.8308831070    
    -4.640587840         14.50637974        -1.852365350    
    -87.76376859         1698.559626         189.7413563    
OW             151
     1.166720415        -2.775261205        -4.154140572    
     1.752358740        -4.952638124        0.4370715789    
    -1526.204955         2838.469363         2718.431218    
HW             152
     1.684846607        -2.159645039        -4.747910469    
     2.317048680         1.002108134         7.049180813    
    -384.5571208        -1152.308526        -1297.171282    
HW             153
    0.2005549595        -2.517710027        -4.168011972    
    -2.112564465        -19.81089644        -16.64534085    
     379.0213735        -74.67892428        -502.6221508    
OW             154
     5.375531017        -3.736165332        -6.370115433    
    -2.900804668        -3.651263527         1.421524317    
    -2518.334142         2583.519402        -657.6714725    
HW             155
     6.342536798        -3.506109236        -6.479544747    
     2.606724871        -25.77206814         2.282429842    
     407.6362659        -3518.749140         1205.422747    
HW             156
     4.847996051        -3.322747028        -7.112269615    
     10.38372284        -10.22276576        -11.83196069    
     2086.133086         502.6363287        -966.3095551    
OW             157
    -7.342612754        -6.832661556         4.611160191    
    -1.401707120        -6.889493574        0.3544682940E-01
     1573.624432        -682.2897128         2537.428232    
HW             158
    -7.565752475        -6.451355395         5.508275009    
    -4.295777646        -3.620496178        -2.053409068    
     560.2564902        -473.3498622         427.3822220    
HW             159
    -6.942811187        -7.742156564         4.725082199    
    -13.54903048        -11.80187884         3.967880335    
    -1713.822734        -763.4210104        -684.2756656    
OW             160
     6.365181345         3.162217456        -8.015016943    
    -3.669856362        -4.082782039        0.6692709611    
     1079.463532         2745.268446         916.2921746    
HW             161
     7.315536613         3.445354248        -8.144087228    
    -3.223752447        -16.20798530        -24.22698125    
    -565.1254049        -286.4148608         354.4724112    
HW             162
     5.757816571         3.931490184        -8.213330286    
    0.4004387214E-02    -3.056484710        -6.752065511    
    -165.9342330         84.53774138         816.2469081    
OW             163
    -6.682067502        -3.190904341         4.234312054    
    -3.808838091        -9.790661603        0.9623698364    
     13292.51687        -9519.779287        -8621.885466    
HW             164
    -6.225759140        -3.730291862         4.942015735    
    0.6537884748         1.072860464         6.441748482    
     1963.794585         889.0049064        -343.8956973    
HW             165
    -7.574210203        -2.887555610         4.569068201    
   -0.2965049778        -1.832855089         3.209263706    
     2400.162419         2150.222384         1001.166228    
OW             166
    -4.765246889        -2.898898761        -7.305424323    
    -1.937935571       -0.2572155472        -3.214903340    
    -4735.955136        -2321.234519        -10.72847474    
HW             167
    -5.223477863        -3.782513210        -7.209244244    
    -9.790854999         3.874301115        -2.335668826    
     687.5809397        -659.9100245        -977.9344992    
HW             168
    -4.519892855        -2.752676370        -8.263767228    
     5.803909471        -6.557561873        -2.233398125    
     2288.733300        -341.8352713         713.6250315    
OW             169
    -7.967095404        -2.172015066        0.2950261743E-02
    -2.262511205         4.846927044         3.674113720    
     663.7447654         2041.153283        -2823.987265    
HW             170
    -7.287679583        -2.639345644        0.5686330329    
    -14.08436202        -10.38266994         5.478853461    
    -2575.167907        -1228.945125         1276.479819    
HW             171
    -7.745252598        -2.304551666       -0.9630831360    
   -0.7726905104E-01     3.792560738         4.306061052    
     2162.585922        -18.91822120         331.8171966    
OW             172
    -4.343656327         3.508432172         8.659087868    
    -1.921811191        -5.636821669         1.222472365    
    -1905.329242        -2532.692849         710.2427805    
HW             173
    -4.913685702         2.813131552        -8.788839221    
    -9.147175302        -4.433049780        -6.183805838    
    -16.07118141        -1382.797295        -1985.180130    
HW             174
    -4.239072873         3.291699828         7.688474599    
     17.19418683        -10.40571527         4.231919382    
     1377.272112         1492.307981         224.7864565    
OW             175
    -3.388136768         8.934236058        -6.232775099    
     3.212349759       -0.2436883920         2.685589875    
    -247.0808772         2531.839333        -402.7341029    
HW             176
    -2.449231428         8.806739610        -6.552465792    
     2.733360735        -6.030444054         3.520730374    
    -592.7786811        -1214.463224        -1088.899906    
HW             177
    -3.377197978        -8.561203125        -5.312125239    
     5.043279479        -18.43098281         10.49373810    
     1333.190144        -4322.093348         1530.125732    
OW             178
     2.078003621         2.836319773         4.130683433    
    -1.401285553        0.1570768181         2.545900926    
     4164.710935         7587.869423         3238.844934    
HW             179
     2.893415280         3.241938896         3.717672919    
    -8.303987822        -5.963193536        -17.41584494    
    -385.0971094        -821.4846670        -1274.603372    
HW             180
     1.466188917         3.562531058         4.444212729    
     2.348365146         4.912148503        -1.071578369    
     258.9265705         1171.035778        -1541.324024    
OW             181
    -4.557615624         3.871969994         1.551650978    
    -1.654674514       -0.1557275195        0.1150756971    
    -1321.249589         133.0875470        -163.0321813    
HW             182
    -5.319127791         4.273987178         1.043239576    
     6.556650180        -4.622058259        -15.90950209    
     261.2654986        -1226.046550        -867.8488627    
HW             183
    -4.912273541         3.232554311         2.233828382    
    -13.04444579         9.876284709         3.704227066    
    -245.9233220         816.0472195         322.1757690    
OW             184
     5.237012558         5.859711647        -6.559849020    
     2.295447265         7.864709300         2.733499777    
     102.2010849        -264.7090862         432.0871291    
HW             185
     4.587062642         5.901158050        -5.801002514    
     4.775139177        -2.002390253         5.449232461    
    -420.1269227         700.6245418        -535.8534541    
HW             186
     5.827251920         6.666651879        -6.538270609    
    -17.43007878         22.77598567        -6.646210957    
     140.9040422        -1018.498942         413.1925385    
OW             187
     4.614741201         3.637748450         2.965540389    
    -2.543242898        0.8523731574         5.103616234    
     1054.713797         1261.150663         2299.472005    
HW             188
     5.505252862         3.383542504         3.342858601    
    -1.787586471         3.936593991         5.437890527    
    -186.4340173        -496.2400702         321.3265890    
HW             189
     4.702261797         3.798169663         1.982379215    
    -2.329285815         3.081656616         5.472417060    
     439.4063037         453.0600155         241.8703171    
OW             190
    -6.941017068        -7.286892315        -4.552593089    
    -6.460981477        -5.935453420        -4.446291602    
    -1570.989371        -1721.578317        -1625.312956    
HW             191
    -7.011475655        -8.189444340        -4.127815302    
    0.6691351745        -2.327642532         4.516353826    
    -252.1765123         205.4510440         206.2758895    
HW             192
    -7.844200735        -6.994404012        -4.866775410    
    -14.16824397        -3.099907278         19.78889800    
     609.5368440         693.9170356         646.8983838    
OW             193
     4.853024082        0.1802231688E-01    -1.657535794    
    -1.795746107        0.6249586423         2.621792604    
     2653.379646         615.6156734        -1619.834621    
HW             194
     4.590692590       -0.6321054308        -2.370639435    
    0.5595209761        -1.148077880         3.351086468    
     668.9829936        -89.49570087        -159.3859311    
HW             195
     4.902081459       -0.4538806197       -0.7772507792    
     15.59141496        -1.663559149        0.5287523936    
    -1941.900879         883.0953369         69.94587652    
OW             196
     2.141939662         4.006710263        -6.705703907    
    -5.636715535        -1.340738613         1.841225135    
    -1538.839785         1818.945275        -3897.868503    
HW             197
     2.164286666         4.010224051        -5.705959460    
    -1.884254197        -3.764788269         1.783332799    
     741.0290776         596.3126440        -281.7835669    
HW             198
     3.039965982         3.744202333        -7.058746458    
     2.747248311         32.01859793        -2.523946131    
    -1594.137215         253.0938153        -733.9417694    
OW             199
     4.649146646         3.845778922        0.2587886785    
    0.3518919333         6.221153431       -0.3336671561    
    -3744.378843         527.9568925        -873.7246446    
HW             200
     3.768660255         3.519446026        0.6026655602    
    -1.967151069         20.09966956         7.119533424    
     94.49239458        -1675.338958        -1678.903569    
HW             201
     4.764860107         3.555486602       -0.6911278598    
    -16.94791205         13.28658322        -4.710289299    
     3071.814339        -675.3645293         1024.153064    
OW             202
    -6.099374840         3.551635351         4.646975711    
     6.085812990         3.124094324        -6.488861789    
    -438.1121932         1320.278052        -427.4916856    
HW             203
    -6.703747421         4.247090027         5.035662367    
   -0.1666831594         2.954367992        -15.79430586    
     873.1849022         45.13702584         1076.809644    
HW             204
    -5.195215813         3.621887668         5.068356454    
    -1.699801894        0.3103233506         10.93629266    
    -50.70039202        -1050.463333        -690.3942452    
OW             205
     5.206158610       -0.2012940628        -6.165190277    
     2.450023721         3.303805088         6.967510667    
    -1748.619747        -2553.393097        -1331.576551    
HW             206
     4.339415864       -0.2359964152        -5.667642794    
   -0.8604661325         21.80972956         2.703052329    
    -636.0911608         132.6247218        -1699.330139    
HW             207
     5.161265921       -0.8106695245        -6.956800579    
    -8.847309237         8.703525113         3.382193130    
     772.5666192         1516.811551        -1213.323263    
OW             208
     8.092043800        -3.444016238        -6.550538269    
    -3.479745857        -1.772727974        0.3338583199    
     417.4666628         2108.052371        -1244.957551    
HW             209
     8.792943288        -3.894469495        -7.103559442    
     9.063334599         25.30466085        -6.269252933    
    -715.7118947        -105.0972291         904.9099605    
HW             210
     8.518931442        -3.018109956        -5.752809294    
    -16.28033490        -8.177028521         10.71668982    
     107.7119614        -781.7582864        -18.65822076    
OW             211
    -1.683172297         1.475799817         3.331688490    
   -0.8496116717         5.138476687        -1.297279497    
    -298.3780791        -189.8456369        -2235.160767    
HW             212
    -2.405374096         1.034680564         3.864454032    
    -12.75880912        -2.250273292        -23.21773296    
     1250.807880        -1085.318768        -574.5885022    
HW             213
   -0.8354781587        0.9529422963         3.421328636    
    -2.858600430         3.727463154         9.981519669    
     1119.659786         2267.175507         975.7684484    
OW             214
   -0.1036746341         2.863781894        -8.047364583    
    -4.690886431         1.215771600        -7.039306149    
    -297.8815815        -280.5231930        -465.7799721    
HW             215
    0.9133770244E-01     2.616290663         8.889249399    
     2.350488995        -7.143879351        -3.460450034    
     651.1480446         983.2346062        -9.633166309    
HW             216
    0.5936343016         3.500620730        -7.718431057    
    -9.359014447         7.232100597        -8.707235935    
     942.3716247        -2064.016605         1649.958466    
OW             217
     2.813805672         1.507361972        0.6464717101    
     4.729242737         3.308581654       -0.5344408800    
    -705.3802277         2732.317617         2451.136994    
HW             218
     2.202596826         1.515323317         1.437901468    
    -8.949127058        -21.19262655        -10.55535766    
     952.3019373        -1383.853350        -149.3149511    
HW             219
     3.601451773        0.9220438762        0.8388698816    
     11.76336438         13.67016433         2.471655817    
    -751.3834541        -981.7171685        -1433.271969    
OW             220
     2.772782697        -1.262544585         4.150275732    
     3.237690959         1.903291991        -1.529143324    
     1361.904587        -2988.185725         92.29926297    
HW             221
     2.736518298        -1.870914863         4.943100514    
    -12.70327145        -9.748936791        -11.03242568    
    -2101.180153         128.8396498        -413.8483098    
HW             222
     2.489781237        -1.763145969         3.332162533    
    -6.087038559         20.99740813        -10.16318531    
     309.6134069         934.4414557        -140.0925570    
OW             223
    0.9144069596E-01     8.553014869         5.215018797    
     4.681756205        -6.290734938        -5.480487111    
    -3744.777860         1302.479482        -4205.283826    
HW             224
   -0.1917315534         8.293438711         4.291744994    
    -11.33345023         19.32033358        -8.031365791    
    -340.9994310        -1101.829570         1133.143263    
HW             225
    0.3144642394         7.731148168         5.739228909    
    -23.80723327        -23.68973936        -19.98288753    
     2142.718499         2747.917765         146.1925927    
OW             226
     5.931409990         2.162706418        -5.111756484    
     4.018384532        0.5583437976        -2.529992816    
    -1751.106125         4569.161341         54.20010226    
HW             227
     5.859522123         2.788165387        -5.888695282    
     9.318229454        -7.579669166        -9.634355279    
     1517.215146        -1014.643661        -1041.645134    
HW             228
     5.713496822         1.233437053        -5.410039986    
    -13.53155467        0.4717565083         10.12676251    
     1967.712541         97.12921956         735.7839450    
OW             229
     5.065082803       -0.6181298492         1.012534837    
    -5.548816948        -1.137961899        -3.209645661    
     3193.679998         3176.926051         1174.415011    
HW             230
     4.726527405        -1.558681198         1.039813604    
    -17.51624929         2.111944303        -30.82614026    
    -3418.863514         2414.285016        -101.7715128    
HW             231
     6.019632717       -0.6154629685        0.7144944854    
    -9.982937575        -3.574047956        -17.67157584    
     95.50013351        -2410.690354         503.4624337    
OW             232
    -4.823094832        -4.553100609         5.875719447    
    0.2503579731        -2.103389158        -4.438560290    
    -558.7912345        -1652.939158         5319.690806    
HW             233
    -5.245485505        -5.277925648         6.419976227    
     27.70598889        -8.998902440         8.149963012    
     335.5500054       -0.9044809236        -1021.548480    
HW             234
    -4.159378034        -4.953667129         5.244033420    
     7.893355134         11.04300443        -4.855774222    
    -1844.549801         1110.506115        -1975.519560    
OW             235
    -1.716022665       -0.3931970864        -6.800703928    
    -3.321563890        -1.297946701         3.178382534    
     2096.127387         790.2308033        -1825.204722    
HW             236
   -0.7681632594       -0.8838917784E-01    -6.707670053    
    -1.346960152         5.465428332        -34.92876799    
    -1073.943370        -1274.968018         127.7855371    
HW             237
    -2.240688721        0.2958211504        -7.300684119    
    -17.49700598        -25.13042950        -15.37108733    
    -692.2643037        -419.6979293         2378.690997    
OW             238
     4.361471092        -7.896312594        -4.194566229    
     6.186509342        -2.818549558        0.7413587963    
     1057.599532        -1036.507298        -418.6322008    
HW             239
     3.392529677        -7.889883381        -3.947357825    
   -0.4648763895        -13.56899392        -24.20781513    
     794.6475849         675.0585681        -372.2158266    
HW             240
     4.901848551        -7.531523057        -3.436330522    
    -19.18846963         22.74852141         6.982251456    
    -585.3657186         1410.777302        -1980.699237    
OW             241
     7.048474449        -8.061627895        -6.148064533    
    -4.666420686         2.815348007        -6.363087465    
    -124.7694554         147.6348859        -1318.884298    
HW             242
     7.142418796         8.842921587        -5.979050629    
     15.99451973         4.806426864        -5.576998727    
     1002.193043         737.2308659         1166.182379    
HW             243
     6.100959917        -7.784624951        -5.988420537    
    -4.427800217        -11.58559269         21.67467741    
     1074.546515        -332.6002171         915.4490206    
OW             244
    -5.414860344       -0.9108292341E-01    -7.532007610    
   -0.7935202411         5.670807096         7.573220545    
     482.9193285        -779.1330729        -2639.737479    
HW             245
    -5.412966145        -1.089474062        -7.475330342    
    -18.51256165         4.606109687        -7.920793461    
     958.2766507         524.7317508        -185.3679282    
HW             246
    -5.466629029        0.2954373768        -6.611180416    
     2.916582669        -7.691496615         13.46585788    
    -597.2576836        -203.5454709        -383.2960998    
OW             247
    -4.338717542         8.345493561         2.410557493    
    0.5685013422        0.3453937506        -1.800780384    
    -108.3175106        -1342.749035         2411.442209    
HW             248
    -3.445410399         8.670330004         2.721176690    
     5.032108551        -12.17735861        -1.359145464    
     158.6926042        -101.6289805        -873.6585500    
HW             249
    -4.258897960         7.399858492         2.095273656    
    -8.728000105         5.244332083        -19.21539534    
     106.3784682         925.1956878        -1645.881634    
OW             250
    -1.360664412        -2.971917209        -8.509787215    
     1.932655687        0.7474007963        -1.350770774    
    -2484.450835         2173.392967        -1588.819157    
HW             251
    -2.174211817        -2.753527525         8.836957234    
    -5.802790275        -40.72546271        -7.345049009    
     48.35048340        -1065.970282         2417.077255    
HW             252
    -1.360672577        -2.428635072        -7.670236672    
    -12.73867993         27.85444381        -18.50676768    
     124.9958237        -332.4760142        -1275.202541    
OW             253
    -4.053206884        -2.591792302         8.125340023    
     1.779608392        0.2954127061         3.763775927    
     5929.825279        -7724.502654        -4883.772738    
HW             254
    -4.138570253        -3.364099552         7.495851878    
   -0.5807246110       -0.7690852767         5.366381240    
    -2447.593742         1371.786854        -2184.917089    
HW             255
    -4.234453563        -1.739547114         7.634597230    
    -9.798952213        -1.267845049         5.229218042    
    -1360.213015         930.4709667         3028.286245    
OW             256
    -4.570405469       -0.1014345093         7.658843299    
    -1.017871480        0.4164757356        0.5767413730E-01
     2437.223094         12078.55874         1600.492848    
HW             257
    -4.780623247       -0.1065598333E-01     8.632274551    
    -8.117609137         24.35762911        -3.531941671    
     228.3926583        -1164.596024        -404.6361831    
HW             258
    -5.349488074        0.2157785710         7.118096656    
     9.225074583         2.856464095        -13.42692547    
    -2236.811886        -5714.333671         380.2339956    
OW             259
     3.942503359         2.987901709         6.514879469    
   -0.7959208108        -1.327915054         3.188553213    
     209.6150519         423.2852507         896.6183727    
HW             260
     4.087197250         3.832606165         7.030184014    
     14.58709768        0.5119858030        -3.981331518    
    -17.45816202         526.1800079        -1300.137103    
HW             261
     3.363861716         3.175974339         5.721278041    
     8.096824321         3.878305602        -2.119691697    
     120.7616742        -1642.354550        -240.9551312    
OW             262
     4.465663744        -2.224386268        -8.532761272    
    0.6919690838       -0.1231456018         4.342080396    
    -3726.461026        -1092.388362         1169.069186    
HW             263
     4.856467860        -2.477576408         8.467947289    
     8.321684464         16.73632239         2.776340417    
     1302.449875         1076.663367         779.8415804    
HW             264
     3.472120049        -2.147603805        -8.616284094    
   -0.7236953158        -19.18034831         2.409285797    
     524.2991264         1683.667178        -2544.314253    
OW             265
    -7.076910872         7.756813635        0.7357618280E-01
     1.056581924         2.031084683         1.290740210    
    -2635.581247        -398.7961349        -4113.793570    
HW             266
    -7.915768028         7.601227171        0.5952199612    
    -3.323401118        -6.726341597        -8.251236253    
     1169.572124         654.4388394         1674.293142    
HW             267
    -7.192693172         8.557970407       -0.5135719976    
    -4.552492074        -5.597544221        -8.109394754    
     176.0887161         821.6118521         1170.775800    
OW             268
     3.401486221        -2.653516727        0.5325481106    
    -5.955870104        -6.909653257        0.1174216884    
    -1156.034518        -4450.947842         500.3066930    
HW             269
     2.730135385        -2.570154322       -0.2038889323    
    -9.533935913         4.282445615         4.575617981    
     569.0996762        -597.6968765        -365.2134013    
HW             270
     3.741869836        -3.593090569        0.5691630329    
   -0.7499752999        -5.943661398        -20.15249721    
     384.5042718         353.9301831         81.49679097    
OW             271
    -1.000173640       -0.7813043115E-01     6.686601133    
    -6.885685439       -0.6712829316        -2.372482284    
    -4891.384736        -3526.693270         964.1855560    
HW             272
    -1.481885656       -0.6836749660         7.320059997    
     24.78441213        -31.00557738        -6.501204113    
     1400.371743         1168.130600        -358.4876975    
HW             273
    -1.555217586        0.5585410906E-01     5.865641329    
    -11.27723351        -30.16951949        -4.505075483    
     1584.701405        -48.24865333        -84.20752732    
OW             274
     4.355160072        -1.470110658        -3.944838129    
    -5.585181306        0.4896690167       -0.7628993932    
    -939.0397206        -3137.055714         3203.169937    
HW             275
     5.058279111        -1.493233317        -4.655534738    
     6.279417150        -1.944105369         10.93707456    
     367.8823005         680.9995223         975.8229328    
HW             276
     3.970690233        -2.385533145        -3.825736003    
     10.97035049        -4.673318065         14.20272315    
    -157.6498903         392.0027816        -76.69687894    
OW             277
    -5.902781617        0.7299229766         1.937290766    
     5.974610446        0.8708398831        0.3779757582    
    -1539.220407         1957.474748        -1969.254976    
HW             278
    -6.580063587         1.430049285         1.711209058    
     12.21923106         2.255564502        -14.38241761    
    -160.8598416        -268.4778916         16.13982278    
HW             279
    -5.342298214        0.5353925245         1.132295718    
     21.83952144        -1.708811861         11.91038386    
    -734.4434650        -147.2954878        -6.367796019    
OW             280
    -2.908587806        -3.357890414        -2.231499595    
     3.974743500       -0.9164401925E-01    -4.859658722    
     2404.821006        -3083.352349        -2146.363428    
HW             281
    -3.692549655        -2.967702049        -1.748635644    
     2.008594578         11.27839017        -17.06769777    
     2151.476927        0.4033983100         2306.828302    
HW             282
    -3.143500403        -4.270163999        -2.567019597    
    -9.866455613         9.986412553        -23.07367478    
    -251.2523039         525.5218251         26.83801391    
OW             283
     3.715993971        -4.899712315         3.448230613    
    -2.270450706        -3.862222311        0.9848138804    
     2.365983656        -811.9617393         390.1746210    
HW             284
     3.952084510        -5.811137539         3.785226253    
     5.694447850        -4.826504399        -7.070252552    
     277.7795395         231.4142151         212.1495154    
HW             285
     2.730898193        -4.754531411         3.540477503    
    -2.025737000        -9.098916669         12.40274722    
    -17.66502583        -783.3414699        -778.8444370    
OW             286
    -6.477995511        -6.738242029         2.044791490    
    -6.950677995         1.218979020        -1.925925286    
     2443.983372         1261.268885        -2691.641261    
HW             287
    -6.877742337        -6.785958878         2.960174643    
    -17.45686254         2.681831875        -6.387913832    
    -733.5211127         871.2440441        -644.7787726    
HW             288
    -5.733345621        -7.401577002         1.970737939    
    -11.80386992        -5.047816435         4.870908386    
    -1459.225219        -1648.626437         278.0915982    
OW             289
    -8.728595620        -2.162764786         5.038479332    
    0.4328656725       -0.5759187421         2.808812793    
    -15449.98210         2783.618526         5031.363660    
HW             290
     8.635086942        -1.833720149         5.825405663    
     4.722774388         5.376056405         3.198693499    
    -552.3909720         2501.436556        -433.2325883    
HW             291
     8.530143579        -2.388663005         4.292878399    
    -3.049739660         1.776315778         5.000227132    
    -1064.179406         1262.435010         93.56452734    
OW             292
     2.049905678        -7.815230427         1.815443339    
    0.7041628149         2.156499463        -10.33006559    
     2150.970676         126.2016129         1690.510700    
HW             293
     2.722893043        -8.086864155         1.127472529    
    -18.73824312        -15.08614912        -22.86166078    
    -784.5806617        -779.6098110         692.9020060    
HW             294
     1.587332878        -6.979912700         1.518338313    
     10.65422460         9.407191239        -5.624313748    
     1127.820289         102.5132118        -614.9392687    
OW             295
     8.888179751        -6.866919153        0.4209214222    
    -3.426126009        -5.720664790        -4.126520956    
     842.1741597         388.6416286         928.4991209    
HW             296
    -8.041743210        -6.802110189        0.7078645596    
    -3.300665218        -4.741987858        -4.720815498    
     662.5826077        -1178.717891        -1706.677830    
HW             297
     8.298313835        -6.497258741         1.138842098    
    -3.544529828        -8.896199426        -2.566978571    
     1720.187792        -1110.274934         2003.277707    
OW             298
    0.4569944334         2.002165351         7.417852659    
     4.751808978        -2.700619741        -4.007706741    
     1486.521732         1621.973447        -2801.031515    
HW             299
   -0.1293745468         1.272600872         7.065847215    
    -4.510065861         5.376630496        -5.464383044    
     359.1583780        -433.6070449         948.6894146    
HW             300
     1.302547214         2.037158244         6.885108176    
    0.5620036745        -5.305473129        -10.88574317    
     764.8443686        -1399.087209         939.3886738    
OW             301
    -1.131006160        -3.387728715        0.2254294976    
     6.087439935       -0.8489438610       -0.6188911508    
    -2545.150552         4697.917591        -3629.084698    
HW             302
    -1.820681194        -3.241935771        0.9347203102    
    -2.002108760        -11.14668906        -6.278722379    
     896.2076487         242.5830197         505.9586930    
HW             303
    -1.559880520        -3.322625355       -0.6755860910    
     20.58173623         34.98877594        -5.363292306    
    -749.7724549         1535.826711         1799.759488    
OW             304
     2.890852456        -6.801743739         7.405551259    
    -4.297256333       -0.1506766729E-01    -1.666257063    
     1579.562897         292.7906623         802.3576111    
HW             305
     2.324534038        -6.791077275         8.229669202    
    -4.636191082         4.584887991        -1.937096528    
    -739.7595428        -782.4922546        -545.1197611    
HW             306
     2.402652890        -7.273209035         6.671124714    
    -7.477765258         3.301868126        -1.705541164    
     949.2201865         656.1614764        -895.4742312    
OW             307
    -4.404994341         7.866061872       -0.9019282371    
    0.7779413622        0.8993511361        -3.946640640    
    -2332.316329        -1230.108846        -524.9083487    
HW             308
    -5.357862156         7.836061588       -0.6000282049    
    -8.381562343         15.67406123        -30.51206867    
     1478.128465        -2266.918403         1261.818659    
HW             309
    -4.168778233         7.002722386        -1.347851522    
     2.246871792        -5.680071248         9.416158293    
     347.6345043         695.5906724        -734.4220046    
OW             310
     6.243986986         1.458665332         5.610905889    
     1.011606970        -6.082385134         4.889684507    
     1134.488967        -451.3525222         1804.483972    
HW             311
     5.799829225         2.112582184         6.223374103    
    -5.666213667        -6.332267102        0.3607274928    
    -1129.693273        -272.1213355        -585.0632392    
HW             312
     5.549068512        0.8985114672         5.159999364    
     6.859192012        -18.70857585         11.40439608    
     1155.821743        -245.4886721        -773.2828332    
OW             313
    -7.744160935         7.850666508        -3.742449769    
     1.350804126        0.5013703696        -3.157036792    
     1621.237066         228.2796817        -1590.540576    
HW             314
    -7.098662274         7.360032926        -4.327779432    
    -4.094909360        -16.07616548         4.556275832    
     384.6380374         798.9577530         197.5841203    
HW             315
    -7.791278575         7.403455587        -2.849262733    
     7.650857620         24.07445012         9.201496956    
    -176.9062551        -554.6948664        -1270.092899    
OW             316
    -6.268837350        -3.820587986         1.522815532    
    -1.129256720         2.637467639         6.936500270    
     1903.602889        -128.6453675         865.6855761    
HW             317
    -6.258615492        -4.817438249         1.444165378    
     13.25690578         3.841029058        -7.976243452    
    -1245.446244         458.8770171        -408.1242143    
HW             318
    -6.417682181        -3.562570156         2.477421561    
     5.276366411        -13.83883498         12.49160402    
    -334.1012541        -99.45409014        -355.0846064    
OW             319
   -0.5465824787        -8.746644553        -7.271091495    
    -1.764007404         1.460279405        -9.274160272    
     842.2459284        -4697.223126         2549.674834    
HW             320
   -0.3140945165E-01    -8.505995281        -8.093700359    
     10.43493558        -5.543219959        -3.767705725    
    -817.8388594         1640.136773         484.8917531    
HW             321
   -0.1983754087         8.278655300        -6.898928588    
     15.57228756         21.63555526         22.32686855    
    -732.8305603         622.3281387        -1722.787966    
OW             322
    -5.784042573        -8.391072982        -7.279351711    
    -5.343407681        -1.299239579         7.261372821    
    -3556.714033         2996.256061        -321.7052865    
HW             323
    -6.436911227        -8.219423439        -6.541585075    
     4.861496416        -5.871822002         17.45026961    
     1054.196193        -943.8089620         1102.601406    
HW             324
    -4.887416909        -8.601039416        -6.889509078    
    0.5386187724        -2.068475750        -6.505300396    
     255.7081378        -144.1105307        -1804.172042    
OW             325
     2.338443070        -1.230776410        -6.269609190    
    -2.085305756        -1.501139841         1.842178093    
     4336.331039        -3789.383589         5364.139584    
HW             326
     1.981036483       -0.5274452340        -6.884089830    
     16.89836833       -0.5383612792        -8.306695742    
    -1608.597971        -1175.270166         1184.919445    
HW             327
     2.721890707        -1.981056530        -6.808170619    
     18.78871576         1.407367365         12.37146029    
    -633.2830662        -390.5021967         959.6979248    
OW             328
    -7.573422361         5.731443156         6.324894872    
    -1.016776035        -1.231295146        -5.126914158    
     772.1701850        -2644.066797        -199.6549233    
HW             329
    -7.427440127         5.830416672         7.309219114    
     24.02320427        -8.925119247        -7.878034413    
    -181.0847326        -109.7004424        -693.3067957    
HW             330
    -8.550446340         5.622673140         6.141608667    
    -6.274053130         4.802267864         18.40612251    
     541.0057952         1184.955862        -88.80222914    
OW             331
     7.888520067         5.288555592         1.968150185    
     5.090729880       -0.5178342771         1.622951556    
    -541.1844351        -1122.065855        -285.7619969    
HW             332
     7.868159097         4.501139666         2.584236432    
     17.20588993        -30.72331041        -35.57069565    
    -54.85879245         2386.928821        -913.1889324    
HW             333
     8.833497542         5.591556401         1.844826167    
    0.2432600558         21.88557346         17.82460972    
    -328.4389264        -981.0277877         1796.204551    
OW             334
     5.573294824        -5.084064961        -2.850711057    
     2.553728658        -1.565021807        0.9265850538    
    -511.4351067        -2077.310813         1341.350571    
HW             335
     6.331759340        -4.502631116        -3.145103727    
    -6.906388354         1.732628208        -17.34431430    
    -56.27391783        -1207.594551        -667.5316372    
HW             336
     5.812163502        -5.534095087        -1.990237192    
     27.45008719        -4.938970993        -7.530596262    
    -941.5151299         1929.277219         556.8702532    
OW             337
    -3.442111576        0.3740103242         4.856182156    
    -1.218647889         1.970504332        -1.796517396    
    -4200.813154         1300.794749         1552.220514    
HW             338
    -3.907829167       -0.1936385204         4.177298777    
     15.36581754        -24.66500428         8.676448241    
     1091.012361        -1711.473585         2146.347237    
HW             339
    -4.009953699        0.4474234490         5.676039793    
    -8.815913633         10.84653879        -7.785483290    
     1516.823339        -3151.936888         1346.512104    
OW             340
   -0.4865071080         7.440410311        -2.657742229    
     3.789915547        -2.039418231       -0.9932996075    
     3109.733575         129.5644319         4178.191642    
HW             341
   -0.3133649313         8.425101234        -2.637584652    
     19.55587351        -4.860313544         5.749855466    
    -77.63785683        -232.8770521        -1318.914014    
HW             342
   -0.6449822482         7.148588677        -3.600995353    
    -14.50735809         9.176670430        -1.524575091    
    -1739.229702        -662.4248674         1253.779239    
OW             343
     5.821624168         2.558033184        -1.933293648    
    -4.085895622         1.782513765         4.977134517    
    -1784.704743        -2179.236207        -2505.582120    
HW             344
     5.632391450         1.588162390        -1.779858522    
    -8.682809495         2.715218811         5.320728559    
    -3007.871513         479.2292882         105.4829207    
HW             345
     5.874442228         2.736465623        -2.915827531    
     9.457050705        -1.225593584         5.097210030    
     1421.940105        -809.4831102        -23.91166053    
OW             346
   -0.4969400885         6.496642997        0.1979043213E-01
     9.042338101        -1.896869542        -4.626026000    
     604.7611359         2450.158561         1154.182761    
HW             347
    0.1037741042         5.792508327       -0.3588090159    
     8.987865287        -2.866236654        -2.945022498    
    -990.2386197        -739.4505687         107.7766035    
HW             348
   -0.5488338001         7.267685295       -0.6148760309    
     16.50712219        0.6193483922        -2.225851069    
    -1566.703706        -1314.779252        -1442.244493    
OW             349
     5.224844005        -8.901063354         6.833354278    
    -6.763780910         3.596045100         3.420652632    
    -622.0787341         915.0547160        -359.4851054    
HW             350
     5.104137606         8.289044856         6.125105790    
   -0.5655288920         4.195135606         1.743633468    
    -71.45884355         359.1488291        -255.9689487    
HW             351
     4.490278623        -8.225807410         6.766692531    
    -20.34791512        -9.996144373         13.47393295    
    -254.4919163        -753.0787990         858.5469620    
OW             352
    -5.672514326        -5.748373811        -2.526433265    
    0.8084810536         2.729030301         3.112609723    
     1726.757381         1348.850545        -1795.746097    
HW             353
    -5.951568875        -6.143821188        -3.401505066    
    -9.396013168        -10.07518312         12.03940628    
    -1198.594330        -1594.228268         1405.688082    
HW             354
    -6.166934459        -4.892616486        -2.374023215    
    -5.587410487       -0.6354852472         1.427612082    
    -1404.926081        -922.1579162         350.9939070    
OW             355
    -6.558438945         7.692016173         4.061913161    
   -0.7496965970        -2.189433609         3.218256502    
     851.4307254         2480.512929        -2099.368222    
HW             356
    -6.253385519         6.933419072         4.637650607    
    -16.90627191        -3.938339594         9.628599333    
    -1292.606309         331.8277232         326.9349200    
HW             357
    -5.862445472         7.887560225         3.371003436    
    -4.729251247        -35.48275313        -10.70842970    
    -87.15633361        -133.8847825         1574.301316    
OW             358
    0.9598895839        -2.801393297         2.115757152    
     9.049160561         2.016087409       -0.2495082703    
     858.2200905         2897.896616         1342.122718    
HW             359
    0.1489650163        -2.384710298         1.704931889    
    -2.893560537        -6.602843020         14.29128736    
     104.5907036        -1419.848735        -605.1555526    
HW             360
     1.663573144        -2.923185996         1.415759564    
    -5.875605272        0.3219949503        -15.13564736    
     537.1110366         633.1003115         1164.565289    
OW             361
    -1.168289237        -6.307220770         5.071895645    
    -2.794184039         4.894544648        0.6425590088E-01
     7379.919529        -2007.848822         1749.818776    
HW             362
   -0.7069212796        -7.194359152         5.060676493    
    -14.09125769       -0.9262270520        -12.42565541    
    -1290.195268        -703.1884584         1081.118487    
HW             363
   -0.7790274103        -5.737661861         5.795828320    
     32.44748696         4.671433958        -18.14911400    
    -837.9184178        -1465.568537        -363.9806903    
OW             364
    -2.118340064         3.732458388        -4.720552374    
     7.185050109         4.725421228        -2.668771490    
     1435.773524        -722.7507127        -250.6661359    
HW             365
    -2.533472862         3.335258042        -5.539024968    
    0.4725339582         12.39541873        -3.033374407    
     890.9259341         457.2165602        -537.5223131    
HW             366
    -1.571009338         3.038089334        -4.253346464    
    -3.039369328        -4.462503766        -4.217042725    
    -1651.025670        -541.0835978         921.6631134    
OW             367
    -5.632981673        -5.637436939        -7.792477393    
     5.314331440         4.987339795        -2.277227118    
    -683.3491021         59.68329066        -2120.773178    
HW             368
    -4.751169477        -5.616283868        -8.263604193    
     9.022110103        -10.76701586         3.770423266    
    -200.7001112        -683.7749406         148.5691912    
HW             369
    -5.922794074        -6.586523106        -7.669006761    
    -10.19871933         9.948812447        0.9735584581E-01
     1129.648775         359.7330398         3081.209676    
OW             370
    -4.738338920        -2.529338129       -0.5979224163    
   -0.7036559732E-01    -4.462971659         1.851972067    
    -6032.420365        -828.2013894         1642.163894    
HW             371
    -4.806496763        -1.548441435       -0.4157222609    
    -8.984471289        -4.579965375       -0.6665740562    
     2216.412713        -3.808516401         213.2250463    
HW             372
    -5.064530002        -3.040066674        0.1975374829    
    -7.374282934        -5.277404233        -1.629564822    
     226.6797703         513.2075968         622.1258875    
OW             373
     7.703126535         7.285272917        -5.356772487    
    -1.456578704        0.8765953520         3.321692296    
     592.7472651        -3096.678611        -53.46791760    
HW             374
     8.385044998         7.738645101        -4.782802465    
    -1.507845756         2.162474392         2.389730704    
    -47.91117351         59.22001564        -104.8497750    
HW             375
     7.781404384         6.294233878        -5.248537067    
     14.51448293        0.2405631372        -12.75060559    
    -29.27670287         331.5079444         82.06485201    
OW             376
    -5.312121557        0.6734179086        -4.946516071    
    -4.774605006        -3.422520727         1.928399266    
     3421.439728         4116.129370         2243.328791    
HW             377
    -5.588086007        0.7651979890        -3.989739862    
    -6.643668231         8.305543954        0.3148418197    
    -1510.140923         709.6278886        -540.4361891    
HW             378
    -4.739297299         1.451338075        -5.204805294    
    -8.583921921        -3.855164103        -7.980349302    
    -48.89316354         424.7089927         506.7494810    
OW             379
     6.437862109        -5.544890117       -0.1197222483    
     5.278287953         2.469478272         2.894772362    
    -2574.885980        -2616.825805        -952.3895482    
HW             380
     6.187679294        -5.580518246        0.8478209669    
     19.38798074         11.72688774         6.974855287    
     1100.410023         1271.870015         40.34547530    
HW             381
     7.262478341        -6.089823016       -0.2715673328    
    -2.373345176        -6.831078427        -5.724463480    
     713.4992619         1467.383609         454.4944134    
OW             382
     7.422781754        -1.144763299       -0.3015032790    
    0.5441926267         2.023848900        -3.141522966    
     200.7113736         3141.639854         2625.835345    
HW             383
     7.529041582       -0.3677752200       -0.9219861972    
     7.748430455         1.684640792        -2.373834421    
     328.1393783        -1286.339779        -1555.925510    
HW             384
     8.324295000        -1.497780514       -0.5119658221E-01
    -2.330446125         1.913174391         7.221135990    
    -340.1386490        -1193.027203        -1031.993742    
OW             385
    -6.607154387         4.601762549        -7.973089423    
     3.337478861         9.426283798         8.305365729    
     402.0000267         2002.610347         3032.896383    
HW             386
    -6.732591697         3.973776524        -7.205040117    
     8.614216049         17.26979987         15.64316467    
     625.2722420         15.59493238         13.43140758    
HW             387
    -5.702231807         4.461251386        -8.374801319    
     1.027546914         6.104133741         4.212219933    
    -364.9163966         47.08001313        -591.1028451    
OW             388
     1.211151096        0.2857835054        -7.939622532    
   -0.2255759349         2.087810198         1.513980684    
    -4062.491343         3462.983121        -2141.551767    
HW             389
    0.7486651600         1.155862405        -8.110122387    
     8.529046671         7.913202658         7.211522250    
     681.6119435         425.9084340        -799.6841565    
HW             390
     1.269633521       -0.2338179277        -8.792027854    
    -2.090600520         8.732749063        -2.698344306    
     1388.719446         524.5265105        -131.2239508    
OW             391
    -3.740497160        -7.456732525        -1.366426691    
   -0.3888130438        -1.291427501        -6.111618387    
    -129.6154059         3193.395155         931.2835228    
HW             392
    -4.012637777        -8.363773712        -1.045153398    
     4.665800732         7.290095516         23.18168001    
     1115.303815         499.0390190        -1217.251151    
HW             393
    -4.542409945        -6.971642572        -1.715173450    
    -8.791052904        -5.285627790         7.423722312    
     379.1389264         620.8752770         522.4218571    
OW             394
     8.298303652        -5.764306478         2.819334301    
     2.800362012        -1.561600697         2.405829619    
    -1060.570154         772.8599503        -1006.652047    
HW             395
     8.894042276        -5.656125723         3.615194301    
     23.75877128         13.91573772        -15.06160361    
    -117.2242912        -1466.289470        -1064.888714    
HW             396
     7.582327094        -5.066517861         2.840997703    
     3.853176340       -0.6035629153         7.207631528    
    -640.6615673        -623.8995456         1808.540474    
OW             397
    -5.686014046         6.738190686        -5.637993728    
    0.1529958451       -0.6403594014         7.938470436    
    -2365.826263         236.3829394         206.8155621    
HW             398
    -5.928839484         6.152700575        -6.411452074    
    -5.313249455         12.47867172       -0.3799958475    
     373.4164982         334.0471318        -44.54963984    
HW             399
    -4.947865406         7.357044366        -5.906615087    
     3.074349060       -0.8385448358         15.40324474    
     489.7397847        -500.3710196         787.7157377    
OW             400
    -4.936706390        -1.297413429         3.333639262    
     7.667168197        -5.919109021       -0.8169607299    
     623.1386219        -1216.163372        -1477.101207    
HW             401
    -5.361190972       -0.6372763889         2.713935574    
     6.000609975         7.236004970         14.15652641    
    -706.7379389         734.4198349         1861.514446    
HW             402
    -5.620820496        -1.963046702         3.631835416    
     3.340335259        0.5730932335         3.859616588    
     668.0138085        -262.9275582         655.9476897    
OW             403
    -3.437712406         3.109981456         5.508741146    
     3.627527935        -2.660771807         1.652122079    
    -1395.181308         340.0383545         1787.250145    
HW             404
    -3.415634181         2.160416841         5.195946749    
    -15.29484339       -0.8299099284E-01    -7.913468461    
     671.5070986         654.7480917        -270.4517825    
HW             405
    -2.680567838         3.615437760         5.094921499    
     15.00966661        -13.99918849         8.414526357    
    -323.7396607         273.2567308         723.9416762    
OW             406
     2.303585973        -7.891424663         4.790585699    
     7.690212854        0.2040217246         5.450201102    
     788.3836412        -657.9463473        -1729.852859    
HW             407
     1.490939862        -8.436087180         4.997829060    
    -1.520725926         18.40922734         17.92792196    
     797.7361647         289.1051355         996.2331410    
HW             408
     2.454736083        -7.880177578         3.802138527    
    -7.433649055        -3.008935368         3.026386531    
    -1460.741667         590.2507827        -105.2167925    
OW             409
    0.2290892877         4.522362072         6.382621845    
   -0.3042026123        0.2250159912E-01     2.283539444    
    -620.4856679        -3374.415993        -1145.675812    
HW             410
   -0.2924866528         4.420963943         5.535463221    
     7.740465828         15.30368790        -4.615191035    
    -810.6826265         1099.015101         644.5807266    
HW             411
    0.1482077623         3.687057984         6.926428707    
    -25.77109791       -0.5865930292        -2.109659098    
    -529.5203886         3.978505055        -1013.005749    
OW             412
     6.242764403        -4.069046092         2.956662014    
     2.576709955         2.874169793         8.250797015    
    -177.1204438         3426.994878        -507.6909029    
HW             413
     5.260818102        -4.222810890         3.066837132    
    0.3718645120E-01     10.92065693        -2.610474178    
     701.5677463        -2970.544060        -93.41996668    
HW             414
     6.477572568        -3.156913848         3.292639138    
     2.075007909         10.67750703        -12.19006297    
    -2230.773669         271.1252320        -55.40424694    
OW             415
    -3.040212137         2.998645365        -1.180619971    
    -2.059349398         6.626300159        -1.726586471    
    -1066.218313         1636.729543        -2260.520685    
HW             416
    -2.913336178         2.727240739       -0.2265535595    
    0.3932682178         6.875302428        -1.967232018    
    -571.4527812        -199.9055445        -167.5221408    
HW             417
    -2.635277520         2.308695846        -1.780618573    
    -1.132663527         7.843633550        -2.523034049    
     502.0702170         442.7491174        -146.4022778    
OW             418
    -1.617115552        -6.371343569        -7.047219356    
    -4.189991584         1.785728668       -0.1656158192    
    -5093.027541         3217.428525         963.4319105    
HW             419
    -2.206725103        -6.086003205        -6.291612209    
     10.26583190         8.518115557         8.698722996    
     958.2242411        -500.6004714         909.1180381    
HW             420
    -1.282457707        -7.298328330        -6.877796558    
    -5.815355224        0.9776129027        -1.296234733    
     566.5150408         364.9926854        -820.3771295    
OW             421
     5.845262234        -5.590373161         7.629618405    
    -1.681233108        -4.267084196         3.439180381    
    -782.1431714        -711.3920195         819.2306930    
HW             422
     5.042080268        -5.847702803         8.166908760    
     3.476888101         4.495025864         15.48528335    
    -126.4302396        -218.8668693        -628.8941697    
HW             423
     6.265393530        -6.411428266         7.243148648    
    -18.96861489        -8.503264990        -6.657312624    
    -2.430294646         270.9191782         532.8127132    
